Number of bodies: 220
ID, IsSolid, Color (R, G, B, A), Movement, Position (X, Y, Z), Velocity (X, Y, Z), Force (X, Y, Z), Radius
0, 1, (0.192157, 0.152941, 0.376471, 1.000000), 0, (-0.881600, -0.500000, 0.000000), (0.183698, -0.623332, 0.000000), (0.000000, 0.000000, 0.000000), 0.023000
1, 1, (0.894118, 0.858824, 0.333333, 1.000000), 0, (-0.991733, -0.402000, 0.000000), (-0.707975, 0.948309, 0.000000), (0.000000, 0.000000, 0.000000), 0.023000
2, 1, (0.894118, 0.858824, 0.333333, 1.000000), 0, (-1.111200, -0.284000, 0.000000), (-0.830926, -0.341693, 0.000000), (0.000000, 0.000000, 0.000000), 0.023000
3, 1, (0.894118, 0.858824, 0.333333, 1.000000), 0, (-1.163467, -0.138000, 0.000000), (0.767151, -0.598978, 0.000000), (0.000000, 0.000000, 0.000000), 0.023000
4, 1, (0.254902, 0.290196, 0.298039, 1.000000), 0, (-1.204533, 0.052000, 0.000000), (-0.422422, -0.294260, 0.000000), (0.000000, 0.000000, 0.000000), 0.023000
5, 1, (0.083059, 0.173765, 0.304510, 1.000000), 0, (-1.191467, 0.266000, 0.000000), (-0.206825, -0.156505, 0.000000), (0.000000, 0.000000, 0.000000), 0.023000
6, 1, (0.083059, 0.173765, 0.304510, 1.000000), 0, (-1.100000, 0.434000, 0.000000), (-0.269989, -0.110101, 0.000000), (0.000000, 0.000000, 0.000000), 0.023000
7, 1, (0.083059, 0.173765, 0.304510, 1.000000), 0, (-0.945067, 0.544000, 0.000000), (-0.516117, 0.437236, 0.000000), (0.000000, 0.000000, 0.000000), 0.023000
8, 1, (0.364706, 0.368627, 0.305882, 1.000000), 0, (-0.786400, 0.616000, 0.000000), (-0.936942, 0.117826, 0.000000), (0.000000, 0.000000, 0.000000), 0.023000
9, 1, (0.364706, 0.368627, 0.305882, 1.000000), 0, (-0.622133, 0.672000, 0.000000), (0.919696, -0.126818, 0.000000), (0.000000, 0.000000, 0.000000), 0.023000
10, 1, (0.364706, 0.368627, 0.305882, 1.000000), 0, (-0.491467, 0.726000, 0.000000), (-0.886135, -0.984930, 0.000000), (0.000000, 0.000000, 0.000000), 0.023000
11, 1, (0.192157, 0.164706, 0.160784, 1.000000), 0, (-0.338400, 0.746000, 0.000000), (-0.269439, 0.428353, 0.000000), (0.000000, 0.000000, 0.000000), 0.023000
12, 1, (0.192157, 0.164706, 0.160784, 1.000000), 0, (-0.217067, 0.740000, 0.000000), (-0.311313, -0.544688, 0.000000), (0.000000, 0.000000, 0.000000), 0.023000
13, 1, (0.192157, 0.164706, 0.160784, 1.000000), 0, (-0.103200, 0.720000, 0.000000), (-0.713373, 0.856787, 0.000000), (0.000000, 0.000000, 0.000000), 0.023000
14, 1, (0.192157, 0.282353, 0.286275, 1.000000), 0, (0.012533, 0.688000, 0.000000), (0.828136, 0.356912, 0.000000), (0.000000, 0.000000, 0.000000), 0.023000
15, 1, (0.192157, 0.282353, 0.286275, 1.000000), 0, (0.115200, 0.666000, 0.000000), (0.602928, 0.011834, 0.000000), (0.000000, 0.000000, 0.000000), 0.023000
16, 1, (0.192157, 0.282353, 0.286275, 1.000000), 0, (0.208533, 0.626000, 0.000000), (0.733580, 0.894953, 0.000000), (0.000000, 0.000000, 0.000000), 0.023000
17, 1, (0.196078, 0.392157, 0.588235, 1.000000), 0, (0.296267, 0.594000, 0.000000), (-0.039857, 0.902654, 0.000000), (0.000000, 0.000000, 0.000000), 0.023000
18, 1, (0.196078, 0.392157, 0.588235, 1.000000), 0, (0.359733, 0.560000, 0.000000), (-0.446741, -0.272706, 0.000000), (0.000000, 0.000000, 0.000000), 0.023000
19, 1, (0.196078, 0.392157, 0.588235, 1.000000), 0, (0.436267, 0.536000, 0.000000), (-0.696324, 0.130838, 0.000000), (0.000000, 0.000000, 0.000000), 0.023000
20, 1, (0.054902, 0.211765, 0.341176, 1.000000), 0, (0.514667, 0.488000, 0.000000), (0.433034, 0.096851, 0.000000), (0.000000, 0.000000, 0.000000), 0.023000
21, 1, (0.054902, 0.211765, 0.341176, 1.000000), 0, (0.565067, 0.416000, 0.000000), (0.974333, -0.836955, 0.000000), (0.000000, 0.000000, 0.000000), 0.023000
22, 1, (0.054902, 0.211765, 0.341176, 1.000000), 0, (0.649067, 0.350000, 0.000000), (0.986750, -0.541784, 0.000000), (0.000000, 0.000000, 0.000000), 0.023000
23, 1, (0.976471, 0.894118, 0.588235, 1.000000), 0, (0.705067, 0.244000, 0.000000), (0.600281, -0.950192, 0.000000), (0.000000, 0.000000, 0.000000), 0.023000
24, 1, (0.976471, 0.894118, 0.588235, 1.000000), 0, (0.716267, 0.112000, 0.000000), (0.576042, 0.519977, 0.000000), (0.000000, 0.000000, 0.000000), 0.023000
25, 1, (0.976471, 0.894118, 0.588235, 1.000000), 0, (0.820800, 0.086000, 0.000000), (-0.077010, 0.689907, 0.000000), (0.000000, 0.000000, 0.000000), 0.023000
26, 1, (0.058824, 0.231373, 0.321569, 1.000000), 0, (0.942133, 0.014000, 0.000000), (0.535047, 0.653551, 0.000000), (0.000000, 0.000000, 0.000000), 0.023000
27, 1, (0.058824, 0.231373, 0.321569, 1.000000), 0, (1.048533, 0.014000, 0.000000), (0.118260, -0.776266, 0.000000), (0.000000, 0.000000, 0.000000), 0.023000
28, 1, (0.058824, 0.231373, 0.321569, 1.000000), 0, (1.242667, -0.068000, 0.000000), (-0.891137, 0.404887, 0.000000), (0.000000, 0.000000, 0.000000), 0.023000
29, 1, (0.156863, 0.156863, 0.149020, 1.000000), 0, (1.345333, -0.154000, 0.000000), (-0.919479, 0.936999, 0.000000), (0.000000, 0.000000, 0.000000), 0.023000
30, 1, (0.156863, 0.156863, 0.149020, 1.000000), 0, (1.401333, -0.268000, 0.000000), (-0.238201, 0.683448, 0.000000), (0.000000, 0.000000, 0.000000), 0.023000
31, 1, (0.156863, 0.156863, 0.149020, 1.000000), 0, (1.532000, -0.310000, 0.000000), (-0.051166, -0.504621, 0.000000), (0.000000, 0.000000, 0.000000), 0.023000
32, 1, (0.956863, 0.701961, 0.019608, 1.000000), 0, (1.487200, -0.450000, 0.000000), (0.578401, 0.908976, 0.000000), (0.000000, 0.000000, 0.000000), 0.023000
33, 1, (0.956863, 0.701961, 0.019608, 1.000000), 0, (1.358400, -0.512000, 0.000000), (-0.601967, -0.868340, 0.000000), (0.000000, 0.000000, 0.000000), 0.023000
34, 1, (0.956863, 0.701961, 0.019608, 1.000000), 0, (1.235200, -0.548000, 0.000000), (-0.363730, -0.298290, 0.000000), (0.000000, 0.000000, 0.000000), 0.023000
35, 1, (0.776471, 0.792157, 0.454902, 1.000000), 0, (1.039200, -0.584000, 0.000000), (0.262498, -0.930696, 0.000000), (0.000000, 0.000000, 0.000000), 0.023000
36, 1, (0.776471, 0.792157, 0.454902, 1.000000), 0, (0.942133, -0.586000, 0.000000), (0.798561, 0.236831, 0.000000), (0.000000, 0.000000, 0.000000), 0.023000
37, 1, (0.776471, 0.792157, 0.454902, 1.000000), 0, (0.813333, -0.600000, 0.000000), (-0.767651, 0.785311, 0.000000), (0.000000, 0.000000, 0.000000), 0.023000
38, 1, (0.164706, 0.294118, 0.486275, 1.000000), 0, (0.583733, -0.612000, 0.000000), (0.695047, 0.832630, 0.000000), (0.000000, 0.000000, 0.000000), 0.023000
39, 1, (0.164706, 0.294118, 0.486275, 1.000000), 0, (0.469867, -0.616000, 0.000000), (0.835119, 0.271088, 0.000000), (0.000000, 0.000000, 0.000000), 0.023000
40, 1, (0.164706, 0.294118, 0.486275, 1.000000), 0, (0.318667, -0.606000, 0.000000), (0.352607, -0.241891, 0.000000), (0.000000, 0.000000, 0.000000), 0.023000
41, 1, (0.192157, 0.152941, 0.376471, 1.000000), 0, (0.133867, -0.600000, 0.000000), (-0.039004, -0.112346, 0.000000), (0.000000, 0.000000, 0.000000), 0.023000
42, 1, (0.192157, 0.152941, 0.376471, 1.000000), 0, (0.057333, -0.600000, 0.000000), (-0.588340, -0.920744, 0.000000), (0.000000, 0.000000, 0.000000), 0.023000
43, 1, (0.192157, 0.152941, 0.376471, 1.000000), 0, (-0.105067, -0.610000, 0.000000), (0.111389, -0.479477, 0.000000), (0.000000, 0.000000, 0.000000), 0.023000
44, 1, (0.894118, 0.858824, 0.333333, 1.000000), 0, (-0.256267, -0.598000, 0.000000), (0.484143, 0.191909, 0.000000), (0.000000, 0.000000, 0.000000), 0.023000
45, 1, (0.894118, 0.858824, 0.333333, 1.000000), 0, (-0.355200, -0.594000, 0.000000), (-0.542478, -0.754058, 0.000000), (0.000000, 0.000000, 0.000000), 0.023000
46, 1, (0.894118, 0.858824, 0.333333, 1.000000), 0, (-0.553067, -0.586000, 0.000000), (-0.124642, 0.406356, 0.000000), (0.000000, 0.000000, 0.000000), 0.023000
47, 1, (0.894118, 0.858824, 0.333333, 1.000000), 0, (-0.638933, -0.586000, 0.000000), (-0.258679, -0.546241, 0.000000), (0.000000, 0.000000, 0.000000), 0.023000
48, 1, (0.894118, 0.858824, 0.333333, 1.000000), 0, (-0.764000, -0.566000, 0.000000), (0.315332, 0.139355, 0.000000), (0.000000, 0.000000, 0.000000), 0.023000
49, 1, (0.894118, 0.858824, 0.333333, 1.000000), 0, (-0.833067, -0.548000, 0.000000), (-0.414581, 0.951603, 0.000000), (0.000000, 0.000000, 0.000000), 0.023000
50, 1, (0.894118, 0.858824, 0.333333, 1.000000), 0, (-0.685600, 0.362000, 0.000000), (0.841064, 0.847917, 0.000000), (0.000000, 0.000000, 0.000000), 0.023000
51, 1, (0.894118, 0.858824, 0.333333, 1.000000), 0, (-0.693067, 0.286000, 0.000000), (-0.979093, 0.639625, 0.000000), (0.000000, 0.000000, 0.000000), 0.023000
52, 1, (0.894118, 0.858824, 0.333333, 1.000000), 0, (-0.696800, 0.218000, 0.000000), (0.084748, -0.746744, 0.000000), (0.000000, 0.000000, 0.000000), 0.023000
53, 1, (0.894118, 0.858824, 0.333333, 1.000000), 0, (-0.702400, 0.140000, 0.000000), (0.424936, -0.220205, 0.000000), (0.000000, 0.000000, 0.000000), 0.023000
54, 1, (0.894118, 0.858824, 0.333333, 1.000000), 0, (-0.704267, 0.062000, 0.000000), (-0.914114, 0.260054, 0.000000), (0.000000, 0.000000, 0.000000), 0.023000
55, 1, (0.894118, 0.858824, 0.333333, 1.000000), 0, (-0.709867, -0.038000, 0.000000), (-0.949117, 0.438493, 0.000000), (0.000000, 0.000000, 0.000000), 0.023000
56, 1, (0.894118, 0.858824, 0.333333, 1.000000), 0, (-0.465333, 0.334000, 0.000000), (-0.981837, 0.011879, 0.000000), (0.000000, 0.000000, 0.000000), 0.023000
57, 1, (0.894118, 0.858824, 0.333333, 1.000000), 0, (-0.456000, 0.260000, 0.000000), (-0.673853, -0.570177, 0.000000), (0.000000, 0.000000, 0.000000), 0.023000
58, 1, (0.894118, 0.858824, 0.333333, 1.000000), 0, (-0.474667, 0.192000, 0.000000), (0.091135, 0.437536, 0.000000), (0.000000, 0.000000, 0.000000), 0.023000
59, 1, (0.894118, 0.858824, 0.333333, 1.000000), 0, (-0.469067, 0.138000, 0.000000), (-0.049654, -0.424722, 0.000000), (0.000000, 0.000000, 0.000000), 0.023000
60, 1, (0.894118, 0.858824, 0.333333, 1.000000), 0, (-0.474667, 0.040000, 0.000000), (-0.370555, 0.407868, 0.000000), (0.000000, 0.000000, 0.000000), 0.023000
61, 1, (0.894118, 0.858824, 0.333333, 1.000000), 0, (-0.478400, -0.038000, 0.000000), (-0.178780, 0.504802, 0.000000), (0.000000, 0.000000, 0.000000), 0.023000
62, 1, (0.894118, 0.858824, 0.333333, 1.000000), 0, (-0.653867, 0.184000, 0.000000), (-0.185776, 0.562541, 0.000000), (0.000000, 0.000000, 0.000000), 0.023000
63, 1, (0.894118, 0.858824, 0.333333, 1.000000), 0, (-0.545600, 0.168000, 0.000000), (0.958561, -0.870443, 0.000000), (0.000000, 0.000000, 0.000000), 0.023000
64, 1, (0.894118, 0.858824, 0.333333, 1.000000), 0, (-0.599733, 0.168000, 0.000000), (-0.298104, -0.456020, 0.000000), (0.000000, 0.000000, 0.000000), 0.023000
65, 1, (0.894118, 0.858824, 0.333333, 1.000000), 0, (-0.282400, 0.220000, 0.000000), (-0.918840, -0.457040, 0.000000), (0.000000, 0.000000, 0.000000), 0.023000
66, 1, (0.894118, 0.858824, 0.333333, 1.000000), 0, (-0.293600, 0.126000, 0.000000), (-0.608102, -0.897934, 0.000000), (0.000000, 0.000000, 0.000000), 0.023000
67, 1, (0.894118, 0.858824, 0.333333, 1.000000), 0, (-0.297333, 0.014000, 0.000000), (-0.817415, 0.476646, 0.000000), (0.000000, 0.000000, 0.000000), 0.023000
68, 1, (0.894118, 0.858824, 0.333333, 1.000000), 0, (-0.280533, -0.046000, 0.000000), (-0.644678, 0.607520, 0.000000), (0.000000, 0.000000, 0.000000), 0.023000
69, 1, (0.894118, 0.858824, 0.333333, 1.000000), 0, (-0.258133, -0.050000, 0.000000), (-0.743559, -0.558792, 0.000000), (0.000000, 0.000000, 0.000000), 0.023000
70, 1, (0.894118, 0.858824, 0.333333, 1.000000), 0, (-0.232000, -0.032000, 0.000000), (-0.132425, -0.692676, 0.000000), (0.000000, 0.000000, 0.000000), 0.023000
71, 1, (0.894118, 0.858824, 0.333333, 1.000000), 0, (-0.263733, 0.324000, 0.000000), (0.879701, -0.114262, 0.000000), (0.000000, 0.000000, 0.000000), 0.023000
72, 1, (0.894118, 0.858824, 0.333333, 1.000000), 0, (-0.289867, 0.322000, 0.000000), (0.319203, -0.794152, 0.000000), (0.000000, 0.000000, 0.000000), 0.023000
73, 1, (0.894118, 0.858824, 0.333333, 1.000000), 0, (-0.282400, 0.346000, 0.000000), (0.315561, -0.589662, 0.000000), (0.000000, 0.000000, 0.000000), 0.023000
74, 1, (0.894118, 0.858824, 0.333333, 1.000000), 0, (-0.263733, 0.354000, 0.000000), (0.643383, -0.734093, 0.000000), (0.000000, 0.000000, 0.000000), 0.023000
75, 1, (0.894118, 0.858824, 0.333333, 1.000000), 0, (0.001333, 0.370000, 0.000000), (-0.014383, -0.727172, 0.000000), (0.000000, 0.000000, 0.000000), 0.023000
76, 1, (0.894118, 0.858824, 0.333333, 1.000000), 0, (0.001333, 0.236000, 0.000000), (0.673775, 0.806836, 0.000000), (0.000000, 0.000000, 0.000000), 0.023000
77, 1, (0.894118, 0.858824, 0.333333, 1.000000), 0, (0.014400, 0.106000, 0.000000), (0.777631, -0.512001, 0.000000), (0.000000, 0.000000, 0.000000), 0.023000
78, 1, (0.894118, 0.858824, 0.333333, 1.000000), 0, (0.003200, -0.010000, 0.000000), (0.369377, 0.736192, 0.000000), (0.000000, 0.000000, 0.000000), 0.023000
79, 1, (0.894118, 0.858824, 0.333333, 1.000000), 0, (0.012533, -0.122000, 0.000000), (-0.382444, -0.928727, 0.000000), (0.000000, 0.000000, 0.000000), 0.023000
80, 1, (0.894118, 0.858824, 0.333333, 1.000000), 0, (0.033067, -0.234000, 0.000000), (-0.719828, -0.301284, 0.000000), (0.000000, 0.000000, 0.000000), 0.023000
81, 1, (0.894118, 0.858824, 0.333333, 1.000000), 0, (-0.009867, -0.248000, 0.000000), (-0.385767, -0.327930, 0.000000), (0.000000, 0.000000, 0.000000), 0.023000
82, 1, (0.894118, 0.858824, 0.333333, 1.000000), 0, (0.014400, -0.250000, 0.000000), (-0.199218, -0.203183, 0.000000), (0.000000, 0.000000, 0.000000), 0.023000
83, 1, (0.894118, 0.858824, 0.333333, 1.000000), 0, (0.021867, -0.274000, 0.000000), (-0.851284, 0.156104, 0.000000), (0.000000, 0.000000, 0.000000), 0.023000
84, 1, (0.894118, 0.858824, 0.333333, 1.000000), 0, (0.027467, -0.252000, 0.000000), (-0.595662, -0.594844, 0.000000), (0.000000, 0.000000, 0.000000), 0.023000
85, 1, (0.894118, 0.858824, 0.333333, 1.000000), 0, (-0.006133, -0.232000, 0.000000), (0.597312, 0.271913, 0.000000), (0.000000, 0.000000, 0.000000), 0.023000
86, 1, (0.894118, 0.858824, 0.333333, 1.000000), 0, (-0.008000, -0.256000, 0.000000), (-0.287520, 0.477013, 0.000000), (0.000000, 0.000000, 0.000000), 0.023000
87, 1, (0.894118, 0.858824, 0.333333, 1.000000), 0, (-0.513867, -0.276000, 0.000000), (-0.842349, -0.968317, 0.000000), (0.000000, 0.000000, 0.000000), 0.023000
88, 1, (0.894118, 0.858824, 0.333333, 1.000000), 0, (-0.332800, -0.282000, 0.000000), (0.682860, 0.473212, 0.000000), (0.000000, 0.000000, 0.000000), 0.023000
89, 1, (0.894118, 0.858824, 0.333333, 1.000000), 0, (-0.547467, -0.426000, 0.000000), (-0.557978, 0.326244, 0.000000), (0.000000, 0.000000, 0.000000), 0.023000
90, 1, (0.894118, 0.858824, 0.333333, 1.000000), 0, (-0.540000, -0.448000, 0.000000), (0.739118, 0.427638, 0.000000), (0.000000, 0.000000, 0.000000), 0.023000
91, 1, (0.894118, 0.858824, 0.333333, 1.000000), 0, (-0.519467, -0.462000, 0.000000), (0.599072, 0.412893, 0.000000), (0.000000, 0.000000, 0.000000), 0.023000
92, 1, (0.894118, 0.858824, 0.333333, 1.000000), 0, (-0.500800, -0.464000, 0.000000), (0.234475, 0.376702, 0.000000), (0.000000, 0.000000, 0.000000), 0.023000
93, 1, (0.894118, 0.858824, 0.333333, 1.000000), 0, (-0.469067, -0.480000, 0.000000), (0.900893, -0.396148, 0.000000), (0.000000, 0.000000, 0.000000), 0.023000
94, 1, (0.894118, 0.858824, 0.333333, 1.000000), 0, (-0.452267, -0.486000, 0.000000), (0.112894, -0.481551, 0.000000), (0.000000, 0.000000, 0.000000), 0.023000
95, 1, (0.894118, 0.858824, 0.333333, 1.000000), 0, (-0.439200, -0.486000, 0.000000), (-0.324875, 0.393066, 0.000000), (0.000000, 0.000000, 0.000000), 0.023000
96, 1, (0.894118, 0.858824, 0.333333, 1.000000), 0, (-0.424267, -0.478000, 0.000000), (0.217165, 0.289357, 0.000000), (0.000000, 0.000000, 0.000000), 0.023000
97, 1, (0.894118, 0.858824, 0.333333, 1.000000), 0, (-0.418667, -0.456000, 0.000000), (-0.934864, -0.982053, 0.000000), (0.000000, 0.000000, 0.000000), 0.023000
98, 1, (0.894118, 0.858824, 0.333333, 1.000000), 0, (-0.394400, -0.468000, 0.000000), (-0.913825, -0.786148, 0.000000), (0.000000, 0.000000, 0.000000), 0.023000
99, 1, (0.894118, 0.858824, 0.333333, 1.000000), 0, (-0.390667, -0.492000, 0.000000), (0.174052, -0.509488, 0.000000), (0.000000, 0.000000, 0.000000), 0.023000
100, 1, (0.894118, 0.858824, 0.333333, 1.000000), 0, (-0.347733, -0.502000, 0.000000), (-0.380992, -0.228636, 0.000000), (0.000000, 0.000000, 0.000000), 0.023000
101, 1, (0.894118, 0.858824, 0.333333, 1.000000), 0, (-0.358933, -0.506000, 0.000000), (0.762425, 0.331488, 0.000000), (0.000000, 0.000000, 0.000000), 0.023000
102, 1, (0.894118, 0.858824, 0.333333, 1.000000), 0, (-0.327200, -0.508000, 0.000000), (-0.751623, 0.920076, 0.000000), (0.000000, 0.000000, 0.000000), 0.023000
103, 1, (0.894118, 0.858824, 0.333333, 1.000000), 0, (-0.310400, -0.508000, 0.000000), (0.363172, 0.931237, 0.000000), (0.000000, 0.000000, 0.000000), 0.023000
104, 1, (0.894118, 0.858824, 0.333333, 1.000000), 0, (-0.282400, -0.498000, 0.000000), (0.393287, 0.805193, 0.000000), (0.000000, 0.000000, 0.000000), 0.023000
105, 1, (0.894118, 0.858824, 0.333333, 1.000000), 0, (-0.245067, -0.492000, 0.000000), (0.257481, 0.132405, 0.000000), (0.000000, 0.000000, 0.000000), 0.023000
106, 1, (0.894118, 0.858824, 0.333333, 1.000000), 0, (-0.245067, -0.492000, 0.000000), (0.232832, -0.143447, 0.000000), (0.000000, 0.000000, 0.000000), 0.023000
107, 1, (0.894118, 0.858824, 0.333333, 1.000000), 0, (-0.235733, -0.480000, 0.000000), (-0.454701, -0.532694, 0.000000), (0.000000, 0.000000, 0.000000), 0.023000
108, 1, (0.894118, 0.858824, 0.333333, 1.000000), 0, (-0.235733, -0.480000, 0.000000), (-0.766745, -0.553808, 0.000000), (0.000000, 0.000000, 0.000000), 0.023000
109, 1, (0.364706, 0.368627, 0.305882, 1.000000), 0, (0.464267, -0.540000, 0.000000), (0.071158, 0.346150, 0.000000), (0.000000, 0.000000, 0.000000), 0.022000
110, 1, (0.364706, 0.368627, 0.305882, 1.000000), 0, (0.430667, -0.548000, 0.000000), (-0.035359, 0.746283, 0.000000), (0.000000, 0.000000, 0.000000), 0.022000
111, 1, (0.364706, 0.368627, 0.305882, 1.000000), 0, (0.395200, -0.534000, 0.000000), (-0.260784, -0.818194, 0.000000), (0.000000, 0.000000, 0.000000), 0.022000
112, 1, (0.364706, 0.368627, 0.305882, 1.000000), 0, (0.385867, -0.510000, 0.000000), (0.035641, -0.195648, 0.000000), (0.000000, 0.000000, 0.000000), 0.022000
113, 1, (0.364706, 0.368627, 0.305882, 1.000000), 0, (0.385867, -0.488000, 0.000000), (-0.800247, 0.121816, 0.000000), (0.000000, 0.000000, 0.000000), 0.022000
114, 1, (0.364706, 0.368627, 0.305882, 1.000000), 0, (0.417600, -0.470000, 0.000000), (0.018204, 0.373804, 0.000000), (0.000000, 0.000000, 0.000000), 0.022000
115, 1, (0.364706, 0.368627, 0.305882, 1.000000), 0, (0.454933, -0.468000, 0.000000), (0.612328, 0.637212, 0.000000), (0.000000, 0.000000, 0.000000), 0.022000
116, 1, (0.364706, 0.368627, 0.305882, 1.000000), 0, (0.482933, -0.490000, 0.000000), (-0.854832, 0.374753, 0.000000), (0.000000, 0.000000, 0.000000), 0.022000
117, 1, (0.364706, 0.368627, 0.305882, 1.000000), 0, (0.482933, -0.522000, 0.000000), (-0.031300, -0.606455, 0.000000), (0.000000, 0.000000, 0.000000), 0.022000
118, 1, (0.364706, 0.368627, 0.305882, 1.000000), 0, (0.496000, -0.474000, 0.000000), (0.294828, -0.668129, 0.000000), (0.000000, 0.000000, 0.000000), 0.022000
119, 1, (0.364706, 0.368627, 0.305882, 1.000000), 0, (0.533333, -0.458000, 0.000000), (-0.675218, -0.311885, 0.000000), (0.000000, 0.000000, 0.000000), 0.022000
120, 1, (0.364706, 0.368627, 0.305882, 1.000000), 0, (0.544533, -0.460000, 0.000000), (-0.862935, 0.582263, 0.000000), (0.000000, 0.000000, 0.000000), 0.022000
121, 1, (0.364706, 0.368627, 0.305882, 1.000000), 0, (0.555733, -0.478000, 0.000000), (0.820521, 0.369896, 0.000000), (0.000000, 0.000000, 0.000000), 0.022000
122, 1, (0.364706, 0.368627, 0.305882, 1.000000), 0, (0.561333, -0.496000, 0.000000), (-0.561184, -0.634180, 0.000000), (0.000000, 0.000000, 0.000000), 0.022000
123, 1, (0.364706, 0.368627, 0.305882, 1.000000), 0, (0.559467, -0.510000, 0.000000), (0.837203, -0.327928, 0.000000), (0.000000, 0.000000, 0.000000), 0.022000
124, 1, (0.364706, 0.368627, 0.305882, 1.000000), 0, (0.557600, -0.530000, 0.000000), (-0.187989, -0.091639, 0.000000), (0.000000, 0.000000, 0.000000), 0.022000
125, 1, (0.364706, 0.368627, 0.305882, 1.000000), 0, (0.548267, -0.542000, 0.000000), (-0.981779, 0.776652, 0.000000), (0.000000, 0.000000, 0.000000), 0.022000
126, 1, (0.364706, 0.368627, 0.305882, 1.000000), 0, (0.544533, -0.548000, 0.000000), (-0.345356, -0.242563, 0.000000), (0.000000, 0.000000, 0.000000), 0.022000
127, 1, (0.364706, 0.368627, 0.305882, 1.000000), 0, (0.518400, -0.550000, 0.000000), (0.958458, 0.690285, 0.000000), (0.000000, 0.000000, 0.000000), 0.022000
128, 1, (0.364706, 0.368627, 0.305882, 1.000000), 0, (0.509067, -0.550000, 0.000000), (0.561789, -0.841790, 0.000000), (0.000000, 0.000000, 0.000000), 0.022000
129, 1, (0.364706, 0.368627, 0.305882, 1.000000), 0, (0.453067, -0.452000, 0.000000), (-0.187899, -0.420007, 0.000000), (0.000000, 0.000000, 0.000000), 0.022000
130, 1, (0.364706, 0.368627, 0.305882, 1.000000), 0, (0.453067, -0.430000, 0.000000), (0.532015, -0.575571, 0.000000), (0.000000, 0.000000, 0.000000), 0.022000
131, 1, (0.364706, 0.368627, 0.305882, 1.000000), 0, (0.453067, -0.422000, 0.000000), (-0.782795, 0.677183, 0.000000), (0.000000, 0.000000, 0.000000), 0.022000
132, 1, (0.364706, 0.368627, 0.305882, 1.000000), 0, (0.453067, -0.404000, 0.000000), (0.799182, 0.185904, 0.000000), (0.000000, 0.000000, 0.000000), 0.022000
133, 1, (0.364706, 0.368627, 0.305882, 1.000000), 0, (0.453067, -0.366000, 0.000000), (-0.929272, 0.094010, 0.000000), (0.000000, 0.000000, 0.000000), 0.022000
134, 1, (0.364706, 0.368627, 0.305882, 1.000000), 0, (0.453067, -0.364000, 0.000000), (0.517776, -0.604490, 0.000000), (0.000000, 0.000000, 0.000000), 0.022000
135, 1, (0.364706, 0.368627, 0.305882, 1.000000), 0, (0.447467, -0.316000, 0.000000), (0.782126, 0.654840, 0.000000), (0.000000, 0.000000, 0.000000), 0.022000
136, 1, (0.364706, 0.368627, 0.305882, 1.000000), 0, (0.447467, -0.280000, 0.000000), (0.977774, 0.602646, 0.000000), (0.000000, 0.000000, 0.000000), 0.022000
137, 1, (0.364706, 0.368627, 0.305882, 1.000000), 0, (0.453067, -0.262000, 0.000000), (0.024736, -0.583410, 0.000000), (0.000000, 0.000000, 0.000000), 0.022000
138, 1, (0.364706, 0.368627, 0.305882, 1.000000), 0, (0.484800, -0.230000, 0.000000), (0.968466, -0.138061, 0.000000), (0.000000, 0.000000, 0.000000), 0.022000
139, 1, (0.364706, 0.368627, 0.305882, 1.000000), 0, (0.497867, -0.258000, 0.000000), (0.088662, -0.219523, 0.000000), (0.000000, 0.000000, 0.000000), 0.022000
140, 1, (0.364706, 0.368627, 0.305882, 1.000000), 0, (0.520267, -0.316000, 0.000000), (0.770300, 0.106883, 0.000000), (0.000000, 0.000000, 0.000000), 0.022000
141, 1, (0.364706, 0.368627, 0.305882, 1.000000), 0, (0.518400, -0.364000, 0.000000), (-0.442871, -0.575055, 0.000000), (0.000000, 0.000000, 0.000000), 0.022000
142, 1, (0.364706, 0.368627, 0.305882, 1.000000), 0, (0.505333, -0.398000, 0.000000), (0.864321, -0.484413, 0.000000), (0.000000, 0.000000, 0.000000), 0.022000
143, 1, (0.364706, 0.368627, 0.305882, 1.000000), 0, (0.501600, -0.438000, 0.000000), (-0.884770, 0.426110, 0.000000), (0.000000, 0.000000, 0.000000), 0.022000
144, 1, (0.364706, 0.368627, 0.305882, 1.000000), 0, (0.510933, -0.320000, 0.000000), (-0.326203, -0.072669, 0.000000), (0.000000, 0.000000, 0.000000), 0.022000
145, 1, (0.364706, 0.368627, 0.305882, 1.000000), 0, (0.509067, -0.276000, 0.000000), (-0.993897, -0.794188, 0.000000), (0.000000, 0.000000, 0.000000), 0.022000
146, 1, (0.364706, 0.368627, 0.305882, 1.000000), 0, (0.509067, -0.276000, 0.000000), (0.351760, -0.776692, 0.000000), (0.000000, 0.000000, 0.000000), 0.022000
147, 1, (0.196078, 0.392157, 0.588235, 1.000000), 0, (0.774133, -0.268000, 0.000000), (0.882995, 0.150941, 0.000000), (0.000000, 0.000000, 0.000000), 0.022000
148, 1, (0.196078, 0.392157, 0.588235, 1.000000), 0, (0.740533, -0.314000, 0.000000), (0.409212, 0.953722, 0.000000), (0.000000, 0.000000, 0.000000), 0.022000
149, 1, (0.196078, 0.392157, 0.588235, 1.000000), 0, (0.761067, -0.280000, 0.000000), (-0.755048, -0.073013, 0.000000), (0.000000, 0.000000, 0.000000), 0.022000
150, 1, (0.196078, 0.392157, 0.588235, 1.000000), 0, (0.746133, -0.298000, 0.000000), (-0.650768, -0.972923, 0.000000), (0.000000, 0.000000, 0.000000), 0.022000
151, 1, (0.196078, 0.392157, 0.588235, 1.000000), 0, (0.746133, -0.316000, 0.000000), (-0.418172, -0.672994, 0.000000), (0.000000, 0.000000, 0.000000), 0.022000
152, 1, (0.196078, 0.392157, 0.588235, 1.000000), 0, (0.733067, -0.344000, 0.000000), (0.629724, 0.606564, 0.000000), (0.000000, 0.000000, 0.000000), 0.022000
153, 1, (0.196078, 0.392157, 0.588235, 1.000000), 0, (0.725600, -0.356000, 0.000000), (-0.256404, 0.598190, 0.000000), (0.000000, 0.000000, 0.000000), 0.022000
154, 1, (0.196078, 0.392157, 0.588235, 1.000000), 0, (0.714400, -0.398000, 0.000000), (-0.531497, 0.832258, 0.000000), (0.000000, 0.000000, 0.000000), 0.022000
155, 1, (0.196078, 0.392157, 0.588235, 1.000000), 0, (0.712533, -0.408000, 0.000000), (-0.621333, -0.761196, 0.000000), (0.000000, 0.000000, 0.000000), 0.022000
156, 1, (0.196078, 0.392157, 0.588235, 1.000000), 0, (0.712533, -0.384000, 0.000000), (-0.060859, -0.064204, 0.000000), (0.000000, 0.000000, 0.000000), 0.022000
157, 1, (0.196078, 0.392157, 0.588235, 1.000000), 0, (0.789067, -0.266000, 0.000000), (-0.336251, -0.196538, 0.000000), (0.000000, 0.000000, 0.000000), 0.022000
158, 1, (0.196078, 0.392157, 0.588235, 1.000000), 0, (0.800267, -0.290000, 0.000000), (0.451383, -0.221021, 0.000000), (0.000000, 0.000000, 0.000000), 0.022000
159, 1, (0.196078, 0.392157, 0.588235, 1.000000), 0, (0.815200, -0.324000, 0.000000), (-0.770428, -0.874820, 0.000000), (0.000000, 0.000000, 0.000000), 0.022000
160, 1, (0.196078, 0.392157, 0.588235, 1.000000), 0, (0.826400, -0.372000, 0.000000), (0.706310, -0.764325, 0.000000), (0.000000, 0.000000, 0.000000), 0.022000
161, 1, (0.196078, 0.392157, 0.588235, 1.000000), 0, (0.832000, -0.382000, 0.000000), (-0.669008, 0.058070, 0.000000), (0.000000, 0.000000, 0.000000), 0.022000
162, 1, (0.196078, 0.392157, 0.588235, 1.000000), 0, (0.837600, -0.404000, 0.000000), (-0.541017, -0.786013, 0.000000), (0.000000, 0.000000, 0.000000), 0.022000
163, 1, (0.196078, 0.392157, 0.588235, 1.000000), 0, (0.830133, -0.362000, 0.000000), (-0.790989, 0.868195, 0.000000), (0.000000, 0.000000, 0.000000), 0.022000
164, 1, (0.196078, 0.392157, 0.588235, 1.000000), 0, (0.742400, -0.370000, 0.000000), (-0.832291, -0.546037, 0.000000), (0.000000, 0.000000, 0.000000), 0.022000
165, 1, (0.196078, 0.392157, 0.588235, 1.000000), 0, (0.740533, -0.366000, 0.000000), (-0.204818, -0.483058, 0.000000), (0.000000, 0.000000, 0.000000), 0.022000
166, 1, (0.196078, 0.392157, 0.588235, 1.000000), 0, (0.772267, -0.362000, 0.000000), (-0.518960, 0.377010, 0.000000), (0.000000, 0.000000, 0.000000), 0.022000
167, 1, (0.196078, 0.392157, 0.588235, 1.000000), 0, (0.798400, -0.360000, 0.000000), (-0.156052, -0.889236, 0.000000), (0.000000, 0.000000, 0.000000), 0.022000
168, 1, (0.196078, 0.392157, 0.588235, 1.000000), 0, (0.800267, -0.362000, 0.000000), (-0.016426, 0.587544, 0.000000), (0.000000, 0.000000, 0.000000), 0.022000
169, 1, (0.196078, 0.392157, 0.588235, 1.000000), 0, (0.930933, -0.282000, 0.000000), (0.708953, 0.452077, 0.000000), (0.000000, 0.000000, 0.000000), 0.022000
170, 1, (0.196078, 0.392157, 0.588235, 1.000000), 0, (0.925333, -0.312000, 0.000000), (0.419802, -0.912380, 0.000000), (0.000000, 0.000000, 0.000000), 0.022000
171, 1, (0.196078, 0.392157, 0.588235, 1.000000), 0, (0.925333, -0.322000, 0.000000), (0.690881, -0.641057, 0.000000), (0.000000, 0.000000, 0.000000), 0.022000
172, 1, (0.196078, 0.392157, 0.588235, 1.000000), 0, (0.930933, -0.370000, 0.000000), (0.023416, -0.645371, 0.000000), (0.000000, 0.000000, 0.000000), 0.022000
173, 1, (0.196078, 0.392157, 0.588235, 1.000000), 0, (0.929067, -0.386000, 0.000000), (0.162405, -0.525201, 0.000000), (0.000000, 0.000000, 0.000000), 0.022000
174, 1, (0.196078, 0.392157, 0.588235, 1.000000), 0, (0.929067, -0.408000, 0.000000), (0.133608, 0.391977, 0.000000), (0.000000, 0.000000, 0.000000), 0.022000
175, 1, (0.196078, 0.392157, 0.588235, 1.000000), 0, (0.929067, -0.416000, 0.000000), (-0.400021, -0.160082, 0.000000), (0.000000, 0.000000, 0.000000), 0.022000
176, 1, (0.196078, 0.392157, 0.588235, 1.000000), 0, (0.930933, -0.418000, 0.000000), (0.627652, -0.069028, 0.000000), (0.000000, 0.000000, 0.000000), 0.022000
177, 1, (0.196078, 0.392157, 0.588235, 1.000000), 0, (0.930933, -0.386000, 0.000000), (0.897987, -0.913365, 0.000000), (0.000000, 0.000000, 0.000000), 0.022000
178, 1, (0.196078, 0.392157, 0.588235, 1.000000), 0, (0.927200, -0.376000, 0.000000), (0.144958, -0.893002, 0.000000), (0.000000, 0.000000, 0.000000), 0.022000
179, 1, (0.196078, 0.392157, 0.588235, 1.000000), 0, (0.927200, -0.360000, 0.000000), (0.954830, 0.312668, 0.000000), (0.000000, 0.000000, 0.000000), 0.022000
180, 1, (0.196078, 0.392157, 0.588235, 1.000000), 0, (0.929067, -0.346000, 0.000000), (-0.439039, -0.249988, 0.000000), (0.000000, 0.000000, 0.000000), 0.022000
181, 1, (0.196078, 0.392157, 0.588235, 1.000000), 0, (0.929067, -0.318000, 0.000000), (0.829609, 0.042001, 0.000000), (0.000000, 0.000000, 0.000000), 0.022000
182, 1, (0.196078, 0.392157, 0.588235, 1.000000), 0, (0.929067, -0.272000, 0.000000), (-0.872978, -0.326443, 0.000000), (0.000000, 0.000000, 0.000000), 0.022000
183, 1, (0.196078, 0.392157, 0.588235, 1.000000), 0, (0.932800, -0.260000, 0.000000), (0.152765, 0.110596, 0.000000), (0.000000, 0.000000, 0.000000), 0.022000
184, 1, (0.196078, 0.392157, 0.588235, 1.000000), 0, (0.958933, -0.260000, 0.000000), (-0.738899, -0.138282, 0.000000), (0.000000, 0.000000, 0.000000), 0.022000
185, 1, (0.196078, 0.392157, 0.588235, 1.000000), 0, (0.992533, -0.272000, 0.000000), (-0.437327, 0.680903, 0.000000), (0.000000, 0.000000, 0.000000), 0.022000
186, 1, (0.196078, 0.392157, 0.588235, 1.000000), 0, (1.013067, -0.284000, 0.000000), (-0.050662, -0.746446, 0.000000), (0.000000, 0.000000, 0.000000), 0.022000
187, 1, (0.196078, 0.392157, 0.588235, 1.000000), 0, (1.009333, -0.318000, 0.000000), (-0.960154, 0.972754, 0.000000), (0.000000, 0.000000, 0.000000), 0.022000
188, 1, (0.196078, 0.392157, 0.588235, 1.000000), 0, (0.990667, -0.346000, 0.000000), (-0.391817, 0.202252, 0.000000), (0.000000, 0.000000, 0.000000), 0.022000
189, 1, (0.196078, 0.392157, 0.588235, 1.000000), 0, (0.981333, -0.346000, 0.000000), (-0.552447, 0.741791, 0.000000), (0.000000, 0.000000, 0.000000), 0.022000
190, 1, (0.196078, 0.392157, 0.588235, 1.000000), 0, (0.970133, -0.350000, 0.000000), (-0.405771, 0.047532, 0.000000), (0.000000, 0.000000, 0.000000), 0.022000
191, 1, (0.196078, 0.392157, 0.588235, 1.000000), 0, (0.929067, -0.364000, 0.000000), (-0.418291, -0.778119, 0.000000), (0.000000, 0.000000, 0.000000), 0.022000
192, 1, (0.196078, 0.392157, 0.588235, 1.000000), 0, (0.929067, -0.364000, 0.000000), (0.978504, -0.520304, 0.000000), (0.000000, 0.000000, 0.000000), 0.022000
193, 1, (0.196078, 0.392157, 0.588235, 1.000000), 0, (0.923467, -0.364000, 0.000000), (-0.691483, 0.123462, 0.000000), (0.000000, 0.000000, 0.000000), 0.022000
194, 1, (0.196078, 0.392157, 0.588235, 1.000000), 0, (0.953333, -0.372000, 0.000000), (-0.413305, -0.736653, 0.000000), (0.000000, 0.000000, 0.000000), 0.022000
195, 1, (0.196078, 0.392157, 0.588235, 1.000000), 0, (0.972000, -0.376000, 0.000000), (-0.563870, 0.147656, 0.000000), (0.000000, 0.000000, 0.000000), 0.022000
196, 1, (0.196078, 0.392157, 0.588235, 1.000000), 0, (0.994400, -0.392000, 0.000000), (0.013359, -0.734261, 0.000000), (0.000000, 0.000000, 0.000000), 0.022000
197, 1, (0.196078, 0.392157, 0.588235, 1.000000), 0, (1.001867, -0.404000, 0.000000), (-0.810343, 0.140381, 0.000000), (0.000000, 0.000000, 0.000000), 0.022000
198, 1, (0.196078, 0.392157, 0.588235, 1.000000), 0, (1.013067, -0.416000, 0.000000), (-0.060704, 0.342422, 0.000000), (0.000000, 0.000000, 0.000000), 0.022000
199, 1, (0.196078, 0.392157, 0.588235, 1.000000), 0, (1.020533, -0.420000, 0.000000), (-0.749023, 0.200397, 0.000000), (0.000000, 0.000000, 0.000000), 0.022000
200, 1, (0.196078, 0.392157, 0.588235, 1.000000), 0, (1.063467, -0.296000, 0.000000), (-0.795861, -0.186350, 0.000000), (0.000000, 0.000000, 0.000000), 0.022000
201, 1, (0.196078, 0.392157, 0.588235, 1.000000), 0, (1.063467, -0.292000, 0.000000), (-0.118700, 0.153477, 0.000000), (0.000000, 0.000000, 0.000000), 0.022000
202, 1, (0.196078, 0.392157, 0.588235, 1.000000), 0, (1.087733, -0.292000, 0.000000), (0.067203, -0.078853, 0.000000), (0.000000, 0.000000, 0.000000), 0.022000
203, 1, (0.196078, 0.392157, 0.588235, 1.000000), 0, (1.119467, -0.292000, 0.000000), (0.126230, 0.675386, 0.000000), (0.000000, 0.000000, 0.000000), 0.022000
204, 1, (0.196078, 0.392157, 0.588235, 1.000000), 0, (1.136267, -0.294000, 0.000000), (-0.876602, 0.573783, 0.000000), (0.000000, 0.000000, 0.000000), 0.022000
205, 1, (0.196078, 0.392157, 0.588235, 1.000000), 0, (1.154933, -0.294000, 0.000000), (0.417177, -0.282373, 0.000000), (0.000000, 0.000000, 0.000000), 0.022000
206, 1, (0.196078, 0.392157, 0.588235, 1.000000), 0, (1.186667, -0.302000, 0.000000), (-0.378685, 0.998886, 0.000000), (0.000000, 0.000000, 0.000000), 0.022000
207, 1, (0.196078, 0.392157, 0.588235, 1.000000), 0, (1.190400, -0.302000, 0.000000), (-0.060491, -0.400181, 0.000000), (0.000000, 0.000000, 0.000000), 0.022000
208, 1, (0.196078, 0.392157, 0.588235, 1.000000), 0, (1.203467, -0.302000, 0.000000), (-0.521418, 0.248025, 0.000000), (0.000000, 0.000000, 0.000000), 0.022000
209, 1, (0.196078, 0.392157, 0.588235, 1.000000), 0, (1.203467, -0.302000, 0.000000), (0.723281, 0.065277, 0.000000), (0.000000, 0.000000, 0.000000), 0.022000
210, 1, (0.196078, 0.392157, 0.588235, 1.000000), 0, (1.143733, -0.302000, 0.000000), (0.511372, -0.840590, 0.000000), (0.000000, 0.000000, 0.000000), 0.022000
211, 1, (0.196078, 0.392157, 0.588235, 1.000000), 0, (1.143733, -0.302000, 0.000000), (-0.787067, -0.475269, 0.000000), (0.000000, 0.000000, 0.000000), 0.022000
212, 1, (0.196078, 0.392157, 0.588235, 1.000000), 0, (1.141867, -0.330000, 0.000000), (-0.574851, -0.597410, 0.000000), (0.000000, 0.000000, 0.000000), 0.022000
213, 1, (0.196078, 0.392157, 0.588235, 1.000000), 0, (1.141867, -0.340000, 0.000000), (0.665112, 0.364445, 0.000000), (0.000000, 0.000000, 0.000000), 0.022000
214, 1, (0.196078, 0.392157, 0.588235, 1.000000), 0, (1.141867, -0.358000, 0.000000), (0.745011, 0.916088, 0.000000), (0.000000, 0.000000, 0.000000), 0.022000
215, 1, (0.196078, 0.392157, 0.588235, 1.000000), 0, (1.140000, -0.382000, 0.000000), (-0.435158, 0.949150, 0.000000), (0.000000, 0.000000, 0.000000), 0.022000
216, 1, (0.196078, 0.392157, 0.588235, 1.000000), 0, (1.136267, -0.398000, 0.000000), (-0.270262, 0.446143, 0.000000), (0.000000, 0.000000, 0.000000), 0.022000
217, 1, (0.196078, 0.392157, 0.588235, 1.000000), 0, (1.136267, -0.410000, 0.000000), (0.102627, 0.796941, 0.000000), (0.000000, 0.000000, 0.000000), 0.022000
218, 1, (0.196078, 0.392157, 0.588235, 1.000000), 0, (1.138133, -0.436000, 0.000000), (-0.632711, -0.771142, 0.000000), (0.000000, 0.000000, 0.000000), 0.022000
219, 1, (0.196078, 0.392157, 0.588235, 1.000000), 0, (1.138133, -0.436000, 0.000000), (0.472327, -0.509312, 0.000000), (0.000000, 0.000000, 0.000000), 0.022000
