Number of bodies: 221
ID, IsSolid, Color (R, G, B, A), Movement, Position (X, Y, Z), Velocity (X, Y, Z), Force (X, Y, Z), Radius, InitialX, InitialY, OscillationAmplitude, OscillationAngle
0, 1, (1.000000, 1.000000, 1.000000, 1.000000), 4, (0.412160, 0.433533, 0.000000), (0.000000, 0.000000, 0.000000), (0.000000, 0.000000, 0.000000), 0.009000, 0.412160, 0.433533, 0.030000, 3.883187
1, 1, (1.000000, 1.000000, 1.000000, 1.000000), 4, (0.450560, 0.474133, 0.000000), (0.000000, 0.000000, 0.000000), (0.000000, 0.000000, 0.000000), 0.009000, 0.450560, 0.474133, 0.030000, 3.783187
2, 1, (1.000000, 1.000000, 1.000000, 1.000000), 4, (0.394880, 0.483800, 0.000000), (0.000000, 0.000000, 0.000000), (0.000000, 0.000000, 0.000000), 0.009000, 0.394880, 0.483800, 0.040000, 3.283188
3, 1, (1.000000, 1.000000, 1.000000, 1.000000), 4, (0.369920, 0.396800, 0.000000), (0.000000, 0.000000, 0.000000), (0.000000, 0.000000, 0.000000), 0.009000, 0.369920, 0.396800, 0.040000, 3.483188
4, 1, (1.000000, 1.000000, 1.000000, 1.000000), 4, (0.335360, 0.369733, 0.000000), (0.000000, 0.000000, 0.000000), (0.000000, 0.000000, 0.000000), 0.009000, 0.335360, 0.369733, 0.020000, 2.883188
5, 1, (1.000000, 1.000000, 1.000000, 1.000000), 4, (0.375680, 0.362000, 0.000000), (0.000000, 0.000000, 0.000000), (0.000000, 0.000000, 0.000000), 0.009000, 0.375680, 0.362000, 0.020000, 3.183188
6, 1, (1.000000, 1.000000, 1.000000, 1.000000), 4, (0.431360, 0.383267, 0.000000), (0.000000, 0.000000, 0.000000), (0.000000, 0.000000, 0.000000), 0.009000, 0.431360, 0.383267, 0.040000, 3.583188
7, 1, (1.000000, 1.000000, 1.000000, 1.000000), 4, (0.490880, 0.402600, 0.000000), (0.000000, 0.000000, 0.000000), (0.000000, 0.000000, 0.000000), 0.009000, 0.490880, 0.402600, 0.030000, 3.183188
8, 1, (1.000000, 1.000000, 1.000000, 1.000000), 4, (0.556160, 0.400667, 0.000000), (0.000000, 0.000000, 0.000000), (0.000000, 0.000000, 0.000000), 0.009000, 0.556160, 0.400667, 0.030000, 2.983188
9, 1, (1.000000, 1.000000, 1.000000, 1.000000), 4, (0.604160, 0.365867, 0.000000), (0.000000, 0.000000, 0.000000), (0.000000, 0.000000, 0.000000), 0.009000, 0.604160, 0.365867, 0.030000, 2.383189
10, 1, (1.000000, 1.000000, 1.000000, 1.000000), 4, (0.648320, 0.313667, 0.000000), (0.000000, 0.000000, 0.000000), (0.000000, 0.000000, 0.000000), 0.009000, 0.648320, 0.313667, 0.030000, 2.083189
11, 1, (1.000000, 1.000000, 1.000000, 1.000000), 4, (0.663680, 0.257600, 0.000000), (0.000000, 0.000000, 0.000000), (0.000000, 0.000000, 0.000000), 0.009000, 0.663680, 0.257600, 0.030000, 1.783189
12, 1, (1.000000, 1.000000, 1.000000, 1.000000), 4, (0.669440, 0.188000, 0.000000), (0.000000, 0.000000, 0.000000), (0.000000, 0.000000, 0.000000), 0.009000, 0.669440, 0.188000, 0.030000, 1.683189
13, 1, (1.000000, 1.000000, 1.000000, 1.000000), 4, (0.661760, 0.114533, 0.000000), (0.000000, 0.000000, 0.000000), (0.000000, 0.000000, 0.000000), 0.009000, 0.661760, 0.114533, 0.030000, 1.383189
14, 1, (1.000000, 1.000000, 1.000000, 1.000000), 4, (0.663680, 0.029467, 0.000000), (0.000000, 0.000000, 0.000000), (0.000000, 0.000000, 0.000000), 0.009000, 0.663680, 0.029467, 0.030000, 1.783189
15, 1, (1.000000, 1.000000, 1.000000, 1.000000), 4, (0.688640, -0.040133, 0.000000), (0.000000, 0.000000, 0.000000), (0.000000, 0.000000, 0.000000), 0.009000, 0.688640, -0.040133, 0.030000, 2.183189
16, 1, (1.000000, 1.000000, 1.000000, 1.000000), 4, (0.755840, -0.107800, 0.000000), (0.000000, 0.000000, 0.000000), (0.000000, 0.000000, 0.000000), 0.009000, 0.755840, -0.107800, 0.030000, 2.383189
17, 1, (1.000000, 1.000000, 1.000000, 1.000000), 4, (0.819200, -0.132933, 0.000000), (0.000000, 0.000000, 0.000000), (0.000000, 0.000000, 0.000000), 0.009000, 0.819200, -0.132933, 0.030000, 2.383189
18, 1, (1.000000, 1.000000, 1.000000, 1.000000), 4, (0.807680, -0.146467, 0.000000), (0.000000, 0.000000, 0.000000), (0.000000, 0.000000, 0.000000), 0.009000, 0.807680, -0.146467, 0.030000, 2.383189
19, 1, (1.000000, 1.000000, 1.000000, 1.000000), 4, (0.840320, -0.092333, 0.000000), (0.000000, 0.000000, 0.000000), (0.000000, 0.000000, 0.000000), 0.009000, 0.840320, -0.092333, 0.040000, 2.483189
20, 1, (1.000000, 1.000000, 1.000000, 1.000000), 4, (0.867200, -0.082667, 0.000000), (0.000000, 0.000000, 0.000000), (0.000000, 0.000000, 0.000000), 0.009000, 0.867200, -0.082667, 0.030000, 2.483189
21, 1, (1.000000, 1.000000, 1.000000, 1.000000), 4, (0.919040, -0.084600, 0.000000), (0.000000, 0.000000, 0.000000), (0.000000, 0.000000, 0.000000), 0.007000, 0.919040, -0.084600, 0.020000, 2.483189
22, 1, (1.000000, 1.000000, 1.000000, 1.000000), 4, (0.857600, -0.047867, 0.000000), (0.000000, 0.000000, 0.000000), (0.000000, 0.000000, 0.000000), 0.007000, 0.857600, -0.047867, 0.030000, 2.483189
23, 1, (1.000000, 1.000000, 1.000000, 1.000000), 4, (0.878720, -0.024667, 0.000000), (0.000000, 0.000000, 0.000000), (0.000000, 0.000000, 0.000000), 0.007000, 0.878720, -0.024667, 0.030000, 2.183189
24, 1, (1.000000, 1.000000, 1.000000, 1.000000), 4, (0.800000, -0.007267, 0.000000), (0.000000, 0.000000, 0.000000), (0.000000, 0.000000, 0.000000), 0.010000, 0.800000, -0.007267, 0.040000, 2.283189
25, 1, (1.000000, 1.000000, 1.000000, 1.000000), 4, (0.821120, 0.014000, 0.000000), (0.000000, 0.000000, 0.000000), (0.000000, 0.000000, 0.000000), 0.010000, 0.821120, 0.014000, 0.050000, 2.283189
26, 1, (1.000000, 1.000000, 1.000000, 1.000000), 4, (0.732800, -0.007267, 0.000000), (0.000000, 0.000000, 0.000000), (0.000000, 0.000000, 0.000000), 0.014000, 0.732800, -0.007267, 0.050000, 2.183189
27, 1, (1.000000, 1.000000, 1.000000, 1.000000), 4, (0.753920, 0.068133, 0.000000), (0.000000, 0.000000, 0.000000), (0.000000, 0.000000, 0.000000), 0.014000, 0.753920, 0.068133, 0.050000, 1.883189
28, 1, (1.000000, 1.000000, 1.000000, 1.000000), 4, (0.748160, 0.168667, 0.000000), (0.000000, 0.000000, 0.000000), (0.000000, 0.000000, 0.000000), 0.014000, 0.748160, 0.168667, 0.040000, 1.883189
29, 1, (1.000000, 1.000000, 1.000000, 1.000000), 4, (0.755840, -0.076867, 0.000000), (0.000000, 0.000000, 0.000000), (0.000000, 0.000000, 0.000000), 0.014000, 0.755840, -0.076867, 0.040000, 2.383189
30, 1, (1.000000, 1.000000, 1.000000, 1.000000), 4, (0.694400, 0.017867, 0.000000), (0.000000, 0.000000, 0.000000), (0.000000, 0.000000, 0.000000), 0.014000, 0.694400, 0.017867, 0.050000, 1.883189
31, 1, (1.000000, 1.000000, 1.000000, 1.000000), 4, (0.702080, 0.079733, 0.000000), (0.000000, 0.000000, 0.000000), (0.000000, 0.000000, 0.000000), 0.011000, 0.702080, 0.079733, 0.050000, 1.783189
32, 1, (1.000000, 1.000000, 1.000000, 1.000000), 4, (0.694400, 0.184133, 0.000000), (0.000000, 0.000000, 0.000000), (0.000000, 0.000000, 0.000000), 0.011000, 0.694400, 0.184133, 0.040000, 1.783189
33, 1, (1.000000, 1.000000, 1.000000, 1.000000), 4, (0.707840, 0.265333, 0.000000), (0.000000, 0.000000, 0.000000), (0.000000, 0.000000, 0.000000), 0.013000, 0.707840, 0.265333, 0.040000, 1.983189
34, 1, (1.000000, 1.000000, 1.000000, 1.000000), 4, (0.661760, 0.336867, 0.000000), (0.000000, 0.000000, 0.000000), (0.000000, 0.000000, 0.000000), 0.013000, 0.661760, 0.336867, 0.030000, 2.183189
35, 1, (1.000000, 1.000000, 1.000000, 1.000000), 4, (0.728960, 0.315600, 0.000000), (0.000000, 0.000000, 0.000000), (0.000000, 0.000000, 0.000000), 0.008000, 0.728960, 0.315600, 0.040000, 1.883189
36, 1, (1.000000, 1.000000, 1.000000, 1.000000), 4, (0.617600, 0.391000, 0.000000), (0.000000, 0.000000, 0.000000), (0.000000, 0.000000, 0.000000), 0.008000, 0.617600, 0.391000, 0.030000, 2.383189
37, 1, (1.000000, 1.000000, 1.000000, 1.000000), 4, (0.560000, 0.429667, 0.000000), (0.000000, 0.000000, 0.000000), (0.000000, 0.000000, 0.000000), 0.008000, 0.560000, 0.429667, 0.050000, 3.183188
38, 1, (1.000000, 1.000000, 1.000000, 1.000000), 4, (1.051520, -0.233467, 0.000000), (0.000000, 0.000000, 0.000000), (0.000000, 0.000000, 0.000000), 0.011000, 1.051520, -0.233467, 0.040000, 2.383189
39, 1, (1.000000, 1.000000, 1.000000, 1.000000), 4, (1.099520, -0.219933, 0.000000), (0.000000, 0.000000, 0.000000), (0.000000, 0.000000, 0.000000), 0.011000, 1.099520, -0.219933, 0.040000, 2.383189
40, 1, (1.000000, 1.000000, 1.000000, 1.000000), 4, (0.967040, -0.368800, 0.000000), (0.000000, 0.000000, 0.000000), (0.000000, 0.000000, 0.000000), 0.011000, 0.967040, -0.368800, 0.050000, 3.883187
41, 1, (1.000000, 1.000000, 1.000000, 1.000000), 4, (1.097600, -0.279867, 0.000000), (0.000000, 0.000000, 0.000000), (0.000000, 0.000000, 0.000000), 0.011000, 1.097600, -0.279867, 0.050000, 3.583188
42, 1, (1.000000, 1.000000, 1.000000, 1.000000), 4, (1.007360, 0.145467, 0.000000), (0.000000, 0.000000, 0.000000), (0.000000, 0.000000, 0.000000), 0.011000, 1.007360, 0.145467, 0.030000, 1.583189
43, 1, (1.000000, 1.000000, 1.000000, 1.000000), 4, (1.068800, 0.041067, 0.000000), (0.000000, 0.000000, 0.000000), (0.000000, 0.000000, 0.000000), 0.007000, 1.068800, 0.041067, 0.020000, 2.283189
44, 1, (1.000000, 1.000000, 1.000000, 1.000000), 4, (1.278080, -0.132933, 0.000000), (0.000000, 0.000000, 0.000000), (0.000000, 0.000000, 0.000000), 0.007000, 1.278080, -0.132933, 0.030000, 2.283189
45, 1, (1.000000, 1.000000, 1.000000, 1.000000), 4, (1.408640, -0.107800, 0.000000), (0.000000, 0.000000, 0.000000), (0.000000, 0.000000, 0.000000), 0.007000, 1.408640, -0.107800, 0.030000, 2.283189
46, 1, (1.000000, 1.000000, 1.000000, 1.000000), 4, (1.383680, -0.053667, 0.000000), (0.000000, 0.000000, 0.000000), (0.000000, 0.000000, 0.000000), 0.007000, 1.383680, -0.053667, 0.040000, 2.583189
47, 1, (1.000000, 1.000000, 1.000000, 1.000000), 4, (1.470080, -0.065267, 0.000000), (0.000000, 0.000000, 0.000000), (0.000000, 0.000000, 0.000000), 0.007000, 1.470080, -0.065267, 0.040000, 2.583189
48, 1, (1.000000, 1.000000, 1.000000, 1.000000), 4, (1.435520, 0.050733, 0.000000), (0.000000, 0.000000, 0.000000), (0.000000, 0.000000, 0.000000), 0.007000, 1.435520, 0.050733, 0.040000, 2.583189
49, 1, (1.000000, 1.000000, 1.000000, 1.000000), 4, (1.343360, -0.109733, 0.000000), (0.000000, 0.000000, 0.000000), (0.000000, 0.000000, 0.000000), 0.007000, 1.343360, -0.109733, 0.040000, 2.583189
50, 1, (1.000000, 1.000000, 1.000000, 1.000000), 4, (1.143680, -0.189000, 0.000000), (0.000000, 0.000000, 0.000000), (0.000000, 0.000000, 0.000000), 0.012000, 1.143680, -0.189000, 0.040000, 2.583189
51, 1, (1.000000, 1.000000, 1.000000, 1.000000), 4, (1.272320, -0.167733, 0.000000), (0.000000, 0.000000, 0.000000), (0.000000, 0.000000, 0.000000), 0.010000, 1.272320, -0.167733, 0.040000, 2.583189
52, 1, (1.000000, 1.000000, 1.000000, 1.000000), 4, (1.579520, 0.035267, 0.000000), (0.000000, 0.000000, 0.000000), (0.000000, 0.000000, 0.000000), 0.007000, 1.579520, 0.035267, 0.020000, 2.583189
53, 1, (1.000000, 1.000000, 1.000000, 1.000000), 4, (1.466240, -0.005333, 0.000000), (0.000000, 0.000000, 0.000000), (0.000000, 0.000000, 0.000000), 0.007000, 1.466240, -0.005333, 0.050000, 2.683188
54, 1, (1.000000, 1.000000, 1.000000, 1.000000), 4, (1.504640, 0.035267, 0.000000), (0.000000, 0.000000, 0.000000), (0.000000, 0.000000, 0.000000), 0.011000, 1.504640, 0.035267, 0.050000, 2.383189
55, 1, (1.000000, 1.000000, 1.000000, 1.000000), 4, (1.389440, 0.189933, 0.000000), (0.000000, 0.000000, 0.000000), (0.000000, 0.000000, 0.000000), 0.011000, 1.389440, 0.189933, 0.050000, 2.383189
56, 1, (1.000000, 1.000000, 1.000000, 1.000000), 4, (1.491200, 0.133867, 0.000000), (0.000000, 0.000000, 0.000000), (0.000000, 0.000000, 0.000000), 0.011000, 1.491200, 0.133867, 0.040000, 2.683188
57, 1, (1.000000, 1.000000, 1.000000, 1.000000), 4, (1.191680, 0.240200, 0.000000), (0.000000, 0.000000, 0.000000), (0.000000, 0.000000, 0.000000), 0.011000, 1.191680, 0.240200, 0.040000, 2.683188
58, 1, (1.000000, 1.000000, 1.000000, 1.000000), 4, (1.687040, -0.753533, 0.000000), (0.000000, 0.000000, 0.000000), (0.000000, 0.000000, 0.000000), 0.011000, 1.687040, -0.753533, 0.040000, 2.783188
59, 1, (1.000000, 1.000000, 1.000000, 1.000000), 4, (1.520000, -0.656867, 0.000000), (0.000000, 0.000000, 0.000000), (0.000000, 0.000000, 0.000000), 0.011000, 1.520000, -0.656867, 0.050000, 2.583189
60, 1, (0.776471, 0.792157, 0.454902, 1.000000), 4, (0.279680, 0.466400, 0.000000), (0.000000, 0.000000, 0.000000), (0.000000, 0.000000, 0.000000), 0.011000, 0.279680, 0.466400, 0.050000, 3.283188
61, 1, (0.776471, 0.792157, 0.454902, 1.000000), 4, (0.333440, 0.501200, 0.000000), (0.000000, 0.000000, 0.000000), (0.000000, 0.000000, 0.000000), 0.011000, 0.333440, 0.501200, 0.040000, 3.283188
62, 1, (0.776471, 0.792157, 0.454902, 1.000000), 4, (0.452480, 0.534067, 0.000000), (0.000000, 0.000000, 0.000000), (0.000000, 0.000000, 0.000000), 0.011000, 0.452480, 0.534067, 0.040000, 2.983188
63, 1, (0.776471, 0.792157, 0.454902, 1.000000), 4, (0.533120, 0.541800, 0.000000), (0.000000, 0.000000, 0.000000), (0.000000, 0.000000, 0.000000), 0.011000, 0.533120, 0.541800, 0.040000, 3.383188
64, 1, (0.776471, 0.792157, 0.454902, 1.000000), 4, (0.444800, 0.507000, 0.000000), (0.000000, 0.000000, 0.000000), (0.000000, 0.000000, 0.000000), 0.011000, 0.444800, 0.507000, 0.040000, 3.183188
65, 1, (0.776471, 0.792157, 0.454902, 1.000000), 4, (0.521600, 0.497333, 0.000000), (0.000000, 0.000000, 0.000000), (0.000000, 0.000000, 0.000000), 0.011000, 0.521600, 0.497333, 0.040000, 2.883188
66, 1, (0.776471, 0.792157, 0.454902, 1.000000), 4, (0.629120, 0.516667, 0.000000), (0.000000, 0.000000, 0.000000), (0.000000, 0.000000, 0.000000), 0.014000, 0.629120, 0.516667, 0.050000, 3.083188
67, 1, (0.776471, 0.792157, 0.454902, 1.000000), 4, (0.588800, 0.450933, 0.000000), (0.000000, 0.000000, 0.000000), (0.000000, 0.000000, 0.000000), 0.011000, 0.588800, 0.450933, 0.090000, 3.083188
68, 1, (0.776471, 0.792157, 0.454902, 1.000000), 4, (0.675200, 0.539867, 0.000000), (0.000000, 0.000000, 0.000000), (0.000000, 0.000000, 0.000000), 0.011000, 0.675200, 0.539867, 0.090000, 2.883188
69, 1, (0.776471, 0.792157, 0.454902, 1.000000), 4, (0.744320, 0.468333, 0.000000), (0.000000, 0.000000, 0.000000), (0.000000, 0.000000, 0.000000), 0.011000, 0.744320, 0.468333, 0.090000, 2.883188
70, 1, (0.776471, 0.792157, 0.454902, 1.000000), 4, (0.809600, 0.240200, 0.000000), (0.000000, 0.000000, 0.000000), (0.000000, 0.000000, 0.000000), 0.014000, 0.809600, 0.240200, 0.070000, 1.983189
71, 1, (0.776471, 0.792157, 0.454902, 1.000000), 4, (0.907520, 0.321400, 0.000000), (0.000000, 0.000000, 0.000000), (0.000000, 0.000000, 0.000000), 0.014000, 0.907520, 0.321400, 0.070000, 2.583189
72, 1, (0.776471, 0.792157, 0.454902, 1.000000), 4, (0.915200, 0.015933, 0.000000), (0.000000, 0.000000, 0.000000), (0.000000, 0.000000, 0.000000), 0.021000, 0.915200, 0.015933, 0.060000, 2.283189
73, 1, (0.776471, 0.792157, 0.454902, 1.000000), 4, (0.997760, 0.396800, 0.000000), (0.000000, 0.000000, 0.000000), (0.000000, 0.000000, 0.000000), 0.014000, 0.997760, 0.396800, 0.060000, 2.683188
74, 1, (0.776471, 0.792157, 0.454902, 1.000000), 4, (1.097600, 0.329133, 0.000000), (0.000000, 0.000000, 0.000000), (0.000000, 0.000000, 0.000000), 0.014000, 1.097600, 0.329133, 0.060000, 2.683188
75, 1, (0.776471, 0.792157, 0.454902, 1.000000), 4, (1.022720, 0.240200, 0.000000), (0.000000, 0.000000, 0.000000), (0.000000, 0.000000, 0.000000), 0.014000, 1.022720, 0.240200, 0.060000, 2.583189
76, 1, (0.776471, 0.792157, 0.454902, 1.000000), 4, (0.942080, 0.182200, 0.000000), (0.000000, 0.000000, 0.000000), (0.000000, 0.000000, 0.000000), 0.014000, 0.942080, 0.182200, 0.070000, 2.083189
77, 1, (0.776471, 0.792157, 0.454902, 1.000000), 4, (0.803840, 0.352333, 0.000000), (0.000000, 0.000000, 0.000000), (0.000000, 0.000000, 0.000000), 0.014000, 0.803840, 0.352333, 0.040000, 2.083189
78, 1, (0.776471, 0.792157, 0.454902, 1.000000), 4, (0.823040, 0.131933, 0.000000), (0.000000, 0.000000, 0.000000), (0.000000, 0.000000, 0.000000), 0.014000, 0.823040, 0.131933, 0.040000, 2.083189
79, 1, (0.776471, 0.792157, 0.454902, 1.000000), 4, (0.917120, 0.077800, 0.000000), (0.000000, 0.000000, 0.000000), (0.000000, 0.000000, 0.000000), 0.009000, 0.917120, 0.077800, 0.040000, 2.083189
80, 1, (0.776471, 0.792157, 0.454902, 1.000000), 4, (0.928640, 0.367800, 0.000000), (0.000000, 0.000000, 0.000000), (0.000000, 0.000000, 0.000000), 0.009000, 0.928640, 0.367800, 0.040000, 2.583189
81, 1, (0.776471, 0.792157, 0.454902, 1.000000), 4, (0.220160, 0.476067, 0.000000), (0.000000, 0.000000, 0.000000), (0.000000, 0.000000, 0.000000), 0.009000, 0.220160, 0.476067, 0.010000, 1.883189
82, 1, (0.776471, 0.792157, 0.454902, 1.000000), 4, (0.237440, 0.503133, 0.000000), (0.000000, 0.000000, 0.000000), (0.000000, 0.000000, 0.000000), 0.009000, 0.237440, 0.503133, 0.020000, 0.683189
83, 1, (0.776471, 0.792157, 0.454902, 1.000000), 4, (0.275840, 0.522467, 0.000000), (0.000000, 0.000000, 0.000000), (0.000000, 0.000000, 0.000000), 0.009000, 0.275840, 0.522467, 0.020000, 0.383189
84, 1, (0.776471, 0.792157, 0.454902, 1.000000), 4, (0.325760, 0.534067, 0.000000), (0.000000, 0.000000, 0.000000), (0.000000, 0.000000, 0.000000), 0.009000, 0.325760, 0.534067, 0.020000, 0.183189
85, 1, (0.776471, 0.792157, 0.454902, 1.000000), 4, (0.371840, 0.547600, 0.000000), (0.000000, 0.000000, 0.000000), (0.000000, 0.000000, 0.000000), 0.009000, 0.371840, 0.547600, 0.020000, 0.483189
86, 1, (0.776471, 0.792157, 0.454902, 1.000000), 4, (0.412160, 0.570800, 0.000000), (0.000000, 0.000000, 0.000000), (0.000000, 0.000000, 0.000000), 0.009000, 0.412160, 0.570800, 0.020000, 0.483189
87, 1, (0.776471, 0.792157, 0.454902, 1.000000), 4, (0.454400, 0.590133, 0.000000), (0.000000, 0.000000, 0.000000), (0.000000, 0.000000, 0.000000), 0.009000, 0.454400, 0.590133, 0.020000, 0.383189
88, 1, (0.776471, 0.792157, 0.454902, 1.000000), 4, (0.498560, 0.605600, 0.000000), (0.000000, 0.000000, 0.000000), (0.000000, 0.000000, 0.000000), 0.009000, 0.498560, 0.605600, 0.020000, 0.283189
89, 1, (0.776471, 0.792157, 0.454902, 1.000000), 4, (0.542720, 0.613333, 0.000000), (0.000000, 0.000000, 0.000000), (0.000000, 0.000000, 0.000000), 0.009000, 0.542720, 0.613333, 0.020000, 0.183189
90, 1, (0.776471, 0.792157, 0.454902, 1.000000), 4, (0.586880, 0.619133, 0.000000), (0.000000, 0.000000, 0.000000), (0.000000, 0.000000, 0.000000), 0.009000, 0.586880, 0.619133, 0.020000, 0.083189
91, 1, (0.776471, 0.792157, 0.454902, 1.000000), 4, (0.634880, 0.615267, 0.000000), (0.000000, 0.000000, 0.000000), (0.000000, 0.000000, 0.000000), 0.009000, 0.634880, 0.615267, 0.020000, 6.166374
92, 1, (0.776471, 0.792157, 0.454902, 1.000000), 4, (0.669440, 0.599800, 0.000000), (0.000000, 0.000000, 0.000000), (0.000000, 0.000000, 0.000000), 0.009000, 0.669440, 0.599800, 0.020000, 5.966374
93, 1, (0.776471, 0.792157, 0.454902, 1.000000), 4, (0.713600, 0.584333, 0.000000), (0.000000, 0.000000, 0.000000), (0.000000, 0.000000, 0.000000), 0.009000, 0.713600, 0.584333, 0.020000, 5.866374
94, 1, (0.776471, 0.792157, 0.454902, 1.000000), 4, (0.746240, 0.559200, 0.000000), (0.000000, 0.000000, 0.000000), (0.000000, 0.000000, 0.000000), 0.009000, 0.746240, 0.559200, 0.020000, 5.766375
95, 1, (0.776471, 0.792157, 0.454902, 1.000000), 4, (0.780800, 0.536000, 0.000000), (0.000000, 0.000000, 0.000000), (0.000000, 0.000000, 0.000000), 0.009000, 0.780800, 0.536000, 0.020000, 6.066374
96, 1, (0.776471, 0.792157, 0.454902, 1.000000), 4, (0.842240, 0.534067, 0.000000), (0.000000, 0.000000, 0.000000), (0.000000, 0.000000, 0.000000), 0.009000, 0.842240, 0.534067, 0.020000, 6.266374
97, 1, (0.776471, 0.792157, 0.454902, 1.000000), 4, (0.849920, 0.505067, 0.000000), (0.000000, 0.000000, 0.000000), (0.000000, 0.000000, 0.000000), 0.009000, 0.849920, 0.505067, 0.040000, 5.966374
98, 1, (0.776471, 0.792157, 0.454902, 1.000000), 4, (0.957440, 0.485733, 0.000000), (0.000000, 0.000000, 0.000000), (0.000000, 0.000000, 0.000000), 0.009000, 0.957440, 0.485733, 0.070000, 0.083189
99, 1, (0.776471, 0.792157, 0.454902, 1.000000), 4, (1.003520, 0.447067, 0.000000), (0.000000, 0.000000, 0.000000), (0.000000, 0.000000, 0.000000), 0.009000, 1.003520, 0.447067, 0.070000, 0.083189
100, 1, (0.776471, 0.792157, 0.454902, 1.000000), 4, (1.109120, 0.454800, 0.000000), (0.000000, 0.000000, 0.000000), (0.000000, 0.000000, 0.000000), 0.009000, 1.109120, 0.454800, 0.030000, 0.083189
101, 1, (0.776471, 0.792157, 0.454902, 1.000000), 4, (1.166720, 0.406467, 0.000000), (0.000000, 0.000000, 0.000000), (0.000000, 0.000000, 0.000000), 0.009000, 1.166720, 0.406467, 0.060000, 0.083189
102, 1, (0.776471, 0.792157, 0.454902, 1.000000), 4, (1.245440, 0.383267, 0.000000), (0.000000, 0.000000, 0.000000), (0.000000, 0.000000, 0.000000), 0.009000, 1.245440, 0.383267, 0.030000, 2.383189
103, 1, (0.776471, 0.792157, 0.454902, 1.000000), 4, (1.293440, 0.365867, 0.000000), (0.000000, 0.000000, 0.000000), (0.000000, 0.000000, 0.000000), 0.009000, 1.293440, 0.365867, 0.030000, 3.183188
104, 1, (0.776471, 0.792157, 0.454902, 1.000000), 4, (1.454720, 0.342667, 0.000000), (0.000000, 0.000000, 0.000000), (0.000000, 0.000000, 0.000000), 0.009000, 1.454720, 0.342667, 0.120000, 3.183188
105, 1, (0.776471, 0.792157, 0.454902, 1.000000), 4, (1.544960, 0.319467, 0.000000), (0.000000, 0.000000, 0.000000), (0.000000, 0.000000, 0.000000), 0.009000, 1.544960, 0.319467, 0.040000, 4.183187
106, 1, (0.776471, 0.792157, 0.454902, 1.000000), 4, (1.717760, 0.234400, 0.000000), (0.000000, 0.000000, 0.000000), (0.000000, 0.000000, 0.000000), 0.009000, 1.717760, 0.234400, 0.030000, 4.183187
107, 1, (0.776471, 0.792157, 0.454902, 1.000000), 4, (1.587200, 0.275000, 0.000000), (0.000000, 0.000000, 0.000000), (0.000000, 0.000000, 0.000000), 0.009000, 1.587200, 0.275000, 0.030000, 4.183187
108, 1, (0.776471, 0.792157, 0.454902, 1.000000), 4, (1.566080, 0.294333, 0.000000), (0.000000, 0.000000, 0.000000), (0.000000, 0.000000, 0.000000), 0.009000, 1.566080, 0.294333, 0.040000, 3.083188
109, 1, (0.776471, 0.792157, 0.454902, 1.000000), 4, (1.652480, 0.257600, 0.000000), (0.000000, 0.000000, 0.000000), (0.000000, 0.000000, 0.000000), 0.009000, 1.652480, 0.257600, 0.080000, 3.183188
110, 1, (0.776471, 0.792157, 0.454902, 1.000000), 4, (1.786880, 0.201533, 0.000000), (0.000000, 0.000000, 0.000000), (0.000000, 0.000000, 0.000000), 0.009000, 1.786880, 0.201533, 0.080000, 3.183188
111, 1, (0.776471, 0.792157, 0.454902, 1.000000), 4, (1.447040, 0.275000, 0.000000), (0.000000, 0.000000, 0.000000), (0.000000, 0.000000, 0.000000), 0.009000, 1.447040, 0.275000, 0.080000, 2.983188
112, 1, (0.776471, 0.792157, 0.454902, 1.000000), 4, (1.450880, 0.188000, 0.000000), (0.000000, 0.000000, 0.000000), (0.000000, 0.000000, 0.000000), 0.009000, 1.450880, 0.188000, 0.080000, 2.783188
113, 1, (0.776471, 0.792157, 0.454902, 1.000000), 4, (1.481600, 0.302067, 0.000000), (0.000000, 0.000000, 0.000000), (0.000000, 0.000000, 0.000000), 0.009000, 1.481600, 0.302067, 0.030000, 3.883187
114, 1, (0.776471, 0.792157, 0.454902, 1.000000), 4, (1.594880, 0.205400, 0.000000), (0.000000, 0.000000, 0.000000), (0.000000, 0.000000, 0.000000), 0.009000, 1.594880, 0.205400, 0.060000, 3.483188
115, 1, (0.776471, 0.792157, 0.454902, 1.000000), 4, (1.616000, 0.178333, 0.000000), (0.000000, 0.000000, 0.000000), (0.000000, 0.000000, 0.000000), 0.009000, 1.616000, 0.178333, 0.060000, 2.883188
116, 1, (0.776471, 0.792157, 0.454902, 1.000000), 4, (1.702400, 0.151267, 0.000000), (0.000000, 0.000000, 0.000000), (0.000000, 0.000000, 0.000000), 0.009000, 1.702400, 0.151267, 0.040000, 3.083188
117, 1, (0.776471, 0.792157, 0.454902, 1.000000), 4, (1.798400, 0.079733, 0.000000), (0.000000, 0.000000, 0.000000), (0.000000, 0.000000, 0.000000), 0.009000, 1.798400, 0.079733, 0.040000, 3.783187
118, 1, (0.776471, 0.792157, 0.454902, 1.000000), 4, (1.637120, 0.054600, 0.000000), (0.000000, 0.000000, 0.000000), (0.000000, 0.000000, 0.000000), 0.018000, 1.637120, 0.054600, 0.070000, 2.483189
119, 1, (0.776471, 0.792157, 0.454902, 1.000000), 4, (1.619840, -0.049800, 0.000000), (0.000000, 0.000000, 0.000000), (0.000000, 0.000000, 0.000000), 0.028000, 1.619840, -0.049800, 0.060000, 2.483189
120, 1, (0.776471, 0.792157, 0.454902, 1.000000), 4, (1.644800, -0.198667, 0.000000), (0.000000, 0.000000, 0.000000), (0.000000, 0.000000, 0.000000), 0.013000, 1.644800, -0.198667, 0.060000, 2.483189
121, 1, (0.776471, 0.792157, 0.454902, 1.000000), 4, (1.763840, -0.370733, 0.000000), (0.000000, 0.000000, 0.000000), (0.000000, 0.000000, 0.000000), 0.013000, 1.763840, -0.370733, 0.060000, 2.283189
122, 1, (0.776471, 0.792157, 0.454902, 1.000000), 4, (1.644800, -0.316600, 0.000000), (0.000000, 0.000000, 0.000000), (0.000000, 0.000000, 0.000000), 0.013000, 1.644800, -0.316600, 0.060000, 2.483189
123, 1, (0.776471, 0.792157, 0.454902, 1.000000), 4, (1.769600, -0.500267, 0.000000), (0.000000, 0.000000, 0.000000), (0.000000, 0.000000, 0.000000), 0.013000, 1.769600, -0.500267, 0.070000, 2.483189
124, 1, (0.776471, 0.792157, 0.454902, 1.000000), 4, (1.623680, -0.697467, 0.000000), (0.000000, 0.000000, 0.000000), (0.000000, 0.000000, 0.000000), 0.013000, 1.623680, -0.697467, 0.080000, 2.583189
125, 1, (0.776471, 0.792157, 0.454902, 1.000000), 4, (1.836800, -0.813467, 0.000000), (0.000000, 0.000000, 0.000000), (0.000000, 0.000000, 0.000000), 0.013000, 1.836800, -0.813467, 0.080000, 2.683188
126, 1, (0.776471, 0.792157, 0.454902, 1.000000), 4, (1.656320, -0.666533, 0.000000), (0.000000, 0.000000, 0.000000), (0.000000, 0.000000, 0.000000), 0.013000, 1.656320, -0.666533, 0.050000, 2.683188
127, 1, (0.776471, 0.792157, 0.454902, 1.000000), 4, (1.758080, -0.071067, 0.000000), (0.000000, 0.000000, 0.000000), (0.000000, 0.000000, 0.000000), 0.017000, 1.758080, -0.071067, 0.050000, 2.183189
128, 1, (0.776471, 0.792157, 0.454902, 1.000000), 4, (1.274240, 0.218933, 0.000000), (0.000000, 0.000000, 0.000000), (0.000000, 0.000000, 0.000000), 0.013000, 1.274240, 0.218933, 0.040000, 2.683188
129, 1, (0.776471, 0.792157, 0.454902, 1.000000), 4, (1.322240, 0.186067, 0.000000), (0.000000, 0.000000, 0.000000), (0.000000, 0.000000, 0.000000), 0.013000, 1.322240, 0.186067, 0.030000, 2.583189
130, 1, (0.776471, 0.792157, 0.454902, 1.000000), 4, (1.347200, 0.147400, 0.000000), (0.000000, 0.000000, 0.000000), (0.000000, 0.000000, 0.000000), 0.013000, 1.347200, 0.147400, 0.030000, 1.983189
131, 1, (0.776471, 0.792157, 0.454902, 1.000000), 4, (1.481600, 0.089400, 0.000000), (0.000000, 0.000000, 0.000000), (0.000000, 0.000000, 0.000000), 0.011000, 1.481600, 0.089400, 0.050000, 2.683188
132, 1, (0.776471, 0.792157, 0.454902, 1.000000), 4, (1.681280, 0.089400, 0.000000), (0.000000, 0.000000, 0.000000), (0.000000, 0.000000, 0.000000), 0.015000, 1.681280, 0.089400, 0.050000, 2.683188
133, 1, (0.776471, 0.792157, 0.454902, 1.000000), 4, (1.274240, 0.137733, 0.000000), (0.000000, 0.000000, 0.000000), (0.000000, 0.000000, 0.000000), 0.008000, 1.274240, 0.137733, 0.040000, 1.883189
134, 1, (0.776471, 0.792157, 0.454902, 1.000000), 4, (1.258880, 0.010133, 0.000000), (0.000000, 0.000000, 0.000000), (0.000000, 0.000000, 0.000000), 0.008000, 1.258880, 0.010133, 0.050000, 0.983189
135, 1, (0.776471, 0.792157, 0.454902, 1.000000), 4, (1.107200, 0.083600, 0.000000), (0.000000, 0.000000, 0.000000), (0.000000, 0.000000, 0.000000), 0.013000, 1.107200, 0.083600, 0.040000, 1.883189
136, 1, (0.776471, 0.792157, 0.454902, 1.000000), 4, (1.040000, 0.155133, 0.000000), (0.000000, 0.000000, 0.000000), (0.000000, 0.000000, 0.000000), 0.013000, 1.040000, 0.155133, 0.020000, 1.183189
137, 1, (0.776471, 0.792157, 0.454902, 1.000000), 4, (1.036160, 0.118400, 0.000000), (0.000000, 0.000000, 0.000000), (0.000000, 0.000000, 0.000000), 0.013000, 1.036160, 0.118400, 0.020000, 1.783189
138, 1, (0.776471, 0.792157, 0.454902, 1.000000), 4, (1.049600, 0.081667, 0.000000), (0.000000, 0.000000, 0.000000), (0.000000, 0.000000, 0.000000), 0.013000, 1.049600, 0.081667, 0.020000, 2.083189
139, 1, (0.776471, 0.792157, 0.454902, 1.000000), 4, (1.068800, -0.053667, 0.000000), (0.000000, 0.000000, 0.000000), (0.000000, 0.000000, 0.000000), 0.013000, 1.068800, -0.053667, 0.050000, 0.783189
140, 1, (0.776471, 0.792157, 0.454902, 1.000000), 4, (0.970880, -0.100067, 0.000000), (0.000000, 0.000000, 0.000000), (0.000000, 0.000000, 0.000000), 0.013000, 0.970880, -0.100067, 0.050000, 0.783189
141, 1, (0.776471, 0.792157, 0.454902, 1.000000), 4, (1.233920, -0.065267, 0.000000), (0.000000, 0.000000, 0.000000), (0.000000, 0.000000, 0.000000), 0.013000, 1.233920, -0.065267, 0.090000, 0.483189
142, 1, (0.776471, 0.792157, 0.454902, 1.000000), 4, (1.324160, 0.000467, 0.000000), (0.000000, 0.000000, 0.000000), (0.000000, 0.000000, 0.000000), 0.013000, 1.324160, 0.000467, 0.040000, 0.983189
143, 1, (0.776471, 0.792157, 0.454902, 1.000000), 4, (1.349120, 0.068133, 0.000000), (0.000000, 0.000000, 0.000000), (0.000000, 0.000000, 0.000000), 0.013000, 1.349120, 0.068133, 0.040000, 1.383189
144, 1, (0.776471, 0.792157, 0.454902, 1.000000), 4, (1.051520, -0.156133, 0.000000), (0.000000, 0.000000, 0.000000), (0.000000, 0.000000, 0.000000), 0.013000, 1.051520, -0.156133, 0.040000, 0.583189
145, 1, (0.776471, 0.792157, 0.454902, 1.000000), 4, (0.940160, -0.256667, 0.000000), (0.000000, 0.000000, 0.000000), (0.000000, 0.000000, 0.000000), 0.013000, 0.940160, -0.256667, 0.070000, 0.983189
146, 1, (0.776471, 0.792157, 0.454902, 1.000000), 4, (0.896000, -0.289533, 0.000000), (0.000000, 0.000000, 0.000000), (0.000000, 0.000000, 0.000000), 0.013000, 0.896000, -0.289533, 0.030000, 1.883189
147, 1, (0.776471, 0.792157, 0.454902, 1.000000), 4, (0.894080, -0.231533, 0.000000), (0.000000, 0.000000, 0.000000), (0.000000, 0.000000, 0.000000), 0.013000, 0.894080, -0.231533, 0.030000, 1.283189
148, 1, (0.776471, 0.792157, 0.454902, 1.000000), 4, (0.857600, -0.266333, 0.000000), (0.000000, 0.000000, 0.000000), (0.000000, 0.000000, 0.000000), 0.013000, 0.857600, -0.266333, 0.030000, 0.883189
149, 1, (0.776471, 0.792157, 0.454902, 1.000000), 4, (0.838400, -0.318533, 0.000000), (0.000000, 0.000000, 0.000000), (0.000000, 0.000000, 0.000000), 0.013000, 0.838400, -0.318533, 0.030000, 1.383189
150, 1, (0.776471, 0.792157, 0.454902, 1.000000), 4, (0.813440, -0.316600, 0.000000), (0.000000, 0.000000, 0.000000), (0.000000, 0.000000, 0.000000), 0.013000, 0.813440, -0.316600, 0.030000, 1.883189
151, 1, (0.776471, 0.792157, 0.454902, 1.000000), 4, (0.813440, -0.260533, 0.000000), (0.000000, 0.000000, 0.000000), (0.000000, 0.000000, 0.000000), 0.013000, 0.813440, -0.260533, 0.030000, 1.283189
152, 1, (0.776471, 0.792157, 0.454902, 1.000000), 4, (0.840320, -0.210267, 0.000000), (0.000000, 0.000000, 0.000000), (0.000000, 0.000000, 0.000000), 0.013000, 0.840320, -0.210267, 0.030000, 0.983189
153, 1, (0.776471, 0.792157, 0.454902, 1.000000), 4, (0.604160, 0.099067, 0.000000), (0.000000, 0.000000, 0.000000), (0.000000, 0.000000, 0.000000), 0.013000, 0.604160, 0.099067, 0.060000, 0.783189
154, 1, (0.776471, 0.792157, 0.454902, 1.000000), 4, (0.527360, 0.019800, 0.000000), (0.000000, 0.000000, 0.000000), (0.000000, 0.000000, 0.000000), 0.013000, 0.527360, 0.019800, 0.040000, 0.883189
155, 1, (0.776471, 0.792157, 0.454902, 1.000000), 4, (0.475520, -0.026600, 0.000000), (0.000000, 0.000000, 0.000000), (0.000000, 0.000000, 0.000000), 0.013000, 0.475520, -0.026600, 0.040000, 0.383189
156, 1, (0.776471, 0.792157, 0.454902, 1.000000), 4, (0.385280, -0.059467, 0.000000), (0.000000, 0.000000, 0.000000), (0.000000, 0.000000, 0.000000), 0.013000, 0.385280, -0.059467, 0.040000, 0.183189
157, 1, (0.776471, 0.792157, 0.454902, 1.000000), 4, (0.304640, -0.082667, 0.000000), (0.000000, 0.000000, 0.000000), (0.000000, 0.000000, 0.000000), 0.013000, 0.304640, -0.082667, 0.040000, 0.383189
158, 1, (0.776471, 0.792157, 0.454902, 1.000000), 4, (0.233600, -0.132933, 0.000000), (0.000000, 0.000000, 0.000000), (0.000000, 0.000000, 0.000000), 0.013000, 0.233600, -0.132933, 0.040000, 0.883189
159, 1, (0.776471, 0.792157, 0.454902, 1.000000), 4, (0.185600, -0.189000, 0.000000), (0.000000, 0.000000, 0.000000), (0.000000, 0.000000, 0.000000), 0.013000, 0.185600, -0.189000, 0.040000, 0.983189
160, 1, (0.776471, 0.792157, 0.454902, 1.000000), 4, (0.200960, -0.206400, 0.000000), (0.000000, 0.000000, 0.000000), (0.000000, 0.000000, 0.000000), 0.013000, 0.200960, -0.206400, 0.040000, 0.583189
161, 1, (0.776471, 0.792157, 0.454902, 1.000000), 4, (0.245120, -0.169667, 0.000000), (0.000000, 0.000000, 0.000000), (0.000000, 0.000000, 0.000000), 0.013000, 0.245120, -0.169667, 0.030000, 0.583189
162, 1, (0.776471, 0.792157, 0.454902, 1.000000), 4, (0.273920, -0.187067, 0.000000), (0.000000, 0.000000, 0.000000), (0.000000, 0.000000, 0.000000), 0.013000, 0.273920, -0.187067, 0.030000, 1.483189
163, 1, (0.776471, 0.792157, 0.454902, 1.000000), 4, (0.308480, -0.181267, 0.000000), (0.000000, 0.000000, 0.000000), (0.000000, 0.000000, 0.000000), 0.013000, 0.308480, -0.181267, 0.050000, 0.683189
164, 1, (0.776471, 0.792157, 0.454902, 1.000000), 4, (0.385280, -0.134867, 0.000000), (0.000000, 0.000000, 0.000000), (0.000000, 0.000000, 0.000000), 0.013000, 0.385280, -0.134867, 0.050000, 0.583189
165, 1, (0.776471, 0.792157, 0.454902, 1.000000), 4, (0.473600, -0.092333, 0.000000), (0.000000, 0.000000, 0.000000), (0.000000, 0.000000, 0.000000), 0.013000, 0.473600, -0.092333, 0.050000, 0.383189
166, 1, (0.776471, 0.792157, 0.454902, 1.000000), 4, (0.560000, -0.071067, 0.000000), (0.000000, 0.000000, 0.000000), (0.000000, 0.000000, 0.000000), 0.013000, 0.560000, -0.071067, 0.050000, 0.183189
167, 1, (0.776471, 0.792157, 0.454902, 1.000000), 4, (0.638720, -0.053667, 0.000000), (0.000000, 0.000000, 0.000000), (0.000000, 0.000000, 0.000000), 0.013000, 0.638720, -0.053667, 0.050000, 0.183189
168, 1, (0.776471, 0.792157, 0.454902, 1.000000), 4, (1.610240, -0.453867, 0.000000), (0.000000, 0.000000, 0.000000), (0.000000, 0.000000, 0.000000), 0.024000, 1.610240, -0.453867, 0.060000, 1.083189
169, 1, (0.776471, 0.792157, 0.454902, 1.000000), 4, (1.475840, -0.573733, 0.000000), (0.000000, 0.000000, 0.000000), (0.000000, 0.000000, 0.000000), 0.024000, 1.475840, -0.573733, 0.090000, 0.483189
170, 1, (0.776471, 0.792157, 0.454902, 1.000000), 4, (1.412480, -0.229600, 0.000000), (0.000000, 0.000000, 0.000000), (0.000000, 0.000000, 0.000000), 0.012000, 1.412480, -0.229600, 0.050000, 6.166374
171, 1, (0.776471, 0.792157, 0.454902, 1.000000), 4, (1.328000, -0.225733, 0.000000), (0.000000, 0.000000, 0.000000), (0.000000, 0.000000, 0.000000), 0.012000, 1.328000, -0.225733, 0.050000, 6.266374
172, 1, (0.776471, 0.792157, 0.454902, 1.000000), 4, (1.230080, -0.237333, 0.000000), (0.000000, 0.000000, 0.000000), (0.000000, 0.000000, 0.000000), 0.012000, 1.230080, -0.237333, 0.050000, 0.183189
173, 1, (0.776471, 0.792157, 0.454902, 1.000000), 4, (1.159040, -0.256667, 0.000000), (0.000000, 0.000000, 0.000000), (0.000000, 0.000000, 0.000000), 0.012000, 1.159040, -0.256667, 0.050000, 0.283189
174, 1, (0.776471, 0.792157, 0.454902, 1.000000), 4, (0.892160, -0.480933, 0.000000), (0.000000, 0.000000, 0.000000), (0.000000, 0.000000, 0.000000), 0.012000, 0.892160, -0.480933, 0.050000, 1.083189
175, 1, (0.776471, 0.792157, 0.454902, 1.000000), 4, (0.844160, -0.620134, 0.000000), (0.000000, 0.000000, 0.000000), (0.000000, 0.000000, 0.000000), 0.012000, 0.844160, -0.620134, 0.050000, 1.283189
176, 1, (0.776471, 0.792157, 0.454902, 1.000000), 4, (0.851840, -0.726467, 0.000000), (0.000000, 0.000000, 0.000000), (0.000000, 0.000000, 0.000000), 0.012000, 0.851840, -0.726467, 0.050000, 2.183189
177, 1, (0.776471, 0.792157, 0.454902, 1.000000), 4, (0.915200, -0.825067, 0.000000), (0.000000, 0.000000, 0.000000), (0.000000, 0.000000, 0.000000), 0.012000, 0.915200, -0.825067, 0.050000, 2.183189
178, 1, (0.776471, 0.792157, 0.454902, 1.000000), 4, (1.001600, -0.927533, 0.000000), (0.000000, 0.000000, 0.000000), (0.000000, 0.000000, 0.000000), 0.012000, 1.001600, -0.927533, 0.050000, 2.283189
179, 1, (0.776471, 0.792157, 0.454902, 1.000000), 4, (1.351040, -0.649133, 0.000000), (0.000000, 0.000000, 0.000000), (0.000000, 0.000000, 0.000000), 0.012000, 1.351040, -0.649133, 0.050000, 3.583188
180, 1, (0.776471, 0.792157, 0.454902, 1.000000), 4, (1.241600, -0.682000, 0.000000), (0.000000, 0.000000, 0.000000), (0.000000, 0.000000, 0.000000), 0.012000, 1.241600, -0.682000, 0.050000, 3.383188
181, 1, (0.776471, 0.792157, 0.454902, 1.000000), 4, (1.143680, -0.682000, 0.000000), (0.000000, 0.000000, 0.000000), (0.000000, 0.000000, 0.000000), 0.012000, 1.143680, -0.682000, 0.050000, 2.983188
182, 1, (0.776471, 0.792157, 0.454902, 1.000000), 4, (1.109120, -0.685867, 0.000000), (0.000000, 0.000000, 0.000000), (0.000000, 0.000000, 0.000000), 0.012000, 1.109120, -0.685867, 0.060000, 2.583189
183, 1, (0.776471, 0.792157, 0.454902, 1.000000), 4, (1.182080, -0.788333, 0.000000), (0.000000, 0.000000, 0.000000), (0.000000, 0.000000, 0.000000), 0.012000, 1.182080, -0.788333, 0.060000, 1.883189
184, 1, (0.776471, 0.792157, 0.454902, 1.000000), 4, (1.214720, -0.902400, 0.000000), (0.000000, 0.000000, 0.000000), (0.000000, 0.000000, 0.000000), 0.012000, 1.214720, -0.902400, 0.040000, 1.783189
185, 1, (0.776471, 0.792157, 0.454902, 1.000000), 4, (1.197440, -0.989400, 0.000000), (0.000000, 0.000000, 0.000000), (0.000000, 0.000000, 0.000000), 0.012000, 1.197440, -0.989400, 0.040000, 1.283189
186, 1, (0.776471, 0.792157, 0.454902, 1.000000), 4, (1.111040, -0.917867, 0.000000), (0.000000, 0.000000, 0.000000), (0.000000, 0.000000, 0.000000), 0.016000, 1.111040, -0.917867, 0.040000, 2.083189
187, 1, (0.776471, 0.792157, 0.454902, 1.000000), 4, (0.961280, -0.581467, 0.000000), (0.000000, 0.000000, 0.000000), (0.000000, 0.000000, 0.000000), 0.016000, 0.961280, -0.581467, 0.050000, 1.383189
188, 1, (0.776471, 0.792157, 0.454902, 1.000000), 4, (1.470080, -0.457733, 0.000000), (0.000000, 0.000000, 0.000000), (0.000000, 0.000000, 0.000000), 0.016000, 1.470080, -0.457733, 0.060000, 0.883189
189, 1, (0.776471, 0.792157, 0.454902, 1.000000), 4, (1.287680, -0.326267, 0.000000), (0.000000, 0.000000, 0.000000), (0.000000, 0.000000, 0.000000), 0.016000, 1.287680, -0.326267, 0.090000, 0.383189
190, 1, (0.776471, 0.792157, 0.454902, 1.000000), 4, (1.013120, -0.401667, 0.000000), (0.000000, 0.000000, 0.000000), (0.000000, 0.000000, 0.000000), 0.016000, 1.013120, -0.401667, 0.090000, 0.883189
191, 1, (0.776471, 0.792157, 0.454902, 1.000000), 4, (1.147520, -0.326267, 0.000000), (0.000000, 0.000000, 0.000000), (0.000000, 0.000000, 0.000000), 0.016000, 1.147520, -0.326267, 0.090000, 0.583189
192, 1, (0.776471, 0.792157, 0.454902, 1.000000), 4, (1.416320, -0.372667, 0.000000), (0.000000, 0.000000, 0.000000), (0.000000, 0.000000, 0.000000), 0.013000, 1.416320, -0.372667, 0.070000, 0.583189
193, 1, (0.776471, 0.792157, 0.454902, 1.000000), 4, (1.356800, -0.525400, 0.000000), (0.000000, 0.000000, 0.000000), (0.000000, 0.000000, 0.000000), 0.013000, 1.356800, -0.525400, 0.070000, 0.583189
194, 1, (0.776471, 0.792157, 0.454902, 1.000000), 4, (1.168640, -0.602733, 0.000000), (0.000000, 0.000000, 0.000000), (0.000000, 0.000000, 0.000000), 0.013000, 1.168640, -0.602733, 0.070000, 6.266374
195, 1, (0.776471, 0.792157, 0.454902, 1.000000), 4, (1.074560, -0.502200, 0.000000), (0.000000, 0.000000, 0.000000), (0.000000, 0.000000, 0.000000), 0.016000, 1.074560, -0.502200, 0.050000, 4.066376
196, 1, (0.776471, 0.792157, 0.454902, 1.000000), 4, (1.034240, -0.784467, 0.000000), (0.000000, 0.000000, 0.000000), (0.000000, 0.000000, 0.000000), 0.016000, 1.034240, -0.784467, 0.050000, 5.366375
197, 1, (0.776471, 0.792157, 0.454902, 1.000000), 4, (1.813760, -0.668467, 0.000000), (0.000000, 0.000000, 0.000000), (0.000000, 0.000000, 0.000000), 0.016000, 1.813760, -0.668467, 0.080000, 5.766375
198, 1, (0.776471, 0.792157, 0.454902, 1.000000), 4, (1.788800, -0.593067, 0.000000), (0.000000, 0.000000, 0.000000), (0.000000, 0.000000, 0.000000), 0.016000, 1.788800, -0.593067, 0.080000, 5.766375
199, 1, (0.776471, 0.792157, 0.454902, 1.000000), 4, (1.665920, -0.566000, 0.000000), (0.000000, 0.000000, 0.000000), (0.000000, 0.000000, 0.000000), 0.016000, 1.665920, -0.566000, 0.060000, 5.666375
200, 1, (0.776471, 0.792157, 0.454902, 1.000000), 4, (1.777280, -0.235400, 0.000000), (0.000000, 0.000000, 0.000000), (0.000000, 0.000000, 0.000000), 0.016000, 1.777280, -0.235400, 0.060000, 5.566375
201, 1, (0.776471, 0.792157, 0.454902, 1.000000), 4, (0.588800, 0.019800, 0.000000), (0.000000, 0.000000, 0.000000), (0.000000, 0.000000, 0.000000), 0.016000, 0.588800, 0.019800, 0.060000, 4.066376
202, 1, (0.776471, 0.792157, 0.454902, 1.000000), 4, (0.354560, -0.103933, 0.000000), (0.000000, 0.000000, 0.000000), (0.000000, 0.000000, 0.000000), 0.013000, 0.354560, -0.103933, 0.050000, 3.666377
203, 1, (0.776471, 0.792157, 0.454902, 1.000000), 4, (1.157120, 0.373600, 0.000000), (0.000000, 0.000000, 0.000000), (0.000000, 0.000000, 0.000000), 0.013000, 1.157120, 0.373600, 0.040000, 3.266377
204, 1, (0.776471, 0.792157, 0.454902, 1.000000), 4, (1.297280, 0.302067, 0.000000), (0.000000, 0.000000, 0.000000), (0.000000, 0.000000, 0.000000), 0.013000, 1.297280, 0.302067, 0.050000, 3.266377
205, 1, (0.776471, 0.792157, 0.454902, 1.000000), 4, (1.429760, 0.230533, 0.000000), (0.000000, 0.000000, 0.000000), (0.000000, 0.000000, 0.000000), 0.013000, 1.429760, 0.230533, 0.050000, 2.566378
206, 1, (0.776471, 0.792157, 0.454902, 1.000000), 4, (1.546880, 0.151267, 0.000000), (0.000000, 0.000000, 0.000000), (0.000000, 0.000000, 0.000000), 0.013000, 1.546880, 0.151267, 0.050000, 2.566378
207, 1, (0.776471, 0.792157, 0.454902, 1.000000), 4, (1.769600, -0.440333, 0.000000), (0.000000, 0.000000, 0.000000), (0.000000, 0.000000, 0.000000), 0.009000, 1.769600, -0.440333, 0.050000, 2.566378
208, 1, (0.776471, 0.792157, 0.454902, 1.000000), 4, (1.794560, -0.755467, 0.000000), (0.000000, 0.000000, 0.000000), (0.000000, 0.000000, 0.000000), 0.009000, 1.794560, -0.755467, 0.070000, 2.766377
209, 1, (0.776471, 0.792157, 0.454902, 1.000000), 4, (1.155200, -0.370733, 0.000000), (0.000000, 0.000000, 0.000000), (0.000000, 0.000000, 0.000000), 0.009000, 1.155200, -0.370733, 0.070000, 3.566377
210, 1, (0.776471, 0.792157, 0.454902, 1.000000), 4, (1.226240, -0.434533, 0.000000), (0.000000, 0.000000, 0.000000), (0.000000, 0.000000, 0.000000), 0.009000, 1.226240, -0.434533, 0.040000, 4.166376
211, 1, (0.776471, 0.792157, 0.454902, 1.000000), 4, (1.034240, -0.689733, 0.000000), (0.000000, 0.000000, 0.000000), (0.000000, 0.000000, 0.000000), 0.009000, 1.034240, -0.689733, 0.040000, 2.566378
212, 1, (0.776471, 0.792157, 0.454902, 1.000000), 4, (0.452480, 0.565000, 0.000000), (0.000000, 0.000000, 0.000000), (0.000000, 0.000000, 0.000000), 0.009000, 0.452480, 0.565000, 0.030000, 3.566377
213, 1, (0.776471, 0.792157, 0.454902, 1.000000), 4, (0.510080, 0.584333, 0.000000), (0.000000, 0.000000, 0.000000), (0.000000, 0.000000, 0.000000), 0.009000, 0.510080, 0.584333, 0.030000, 3.166377
214, 1, (0.776471, 0.792157, 0.454902, 1.000000), 4, (0.575360, 0.576600, 0.000000), (0.000000, 0.000000, 0.000000), (0.000000, 0.000000, 0.000000), 0.009000, 0.575360, 0.576600, 0.030000, 2.966377
215, 1, (0.956863, 0.701961, 0.019608, 1.000000), 4, (0.690560, 0.360067, 0.000000), (0.000000, 0.000000, 0.000000), (0.000000, 0.000000, 0.000000), 0.011000, 0.690560, 0.360067, 0.030000, 2.166378
216, 1, (0.956863, 0.701961, 0.019608, 1.000000), 4, (0.790400, -0.038200, 0.000000), (0.000000, 0.000000, 0.000000), (0.000000, 0.000000, 0.000000), 0.011000, 0.790400, -0.038200, 0.030000, 2.366378
217, 1, (0.956863, 0.701961, 0.019608, 1.000000), 4, (0.794240, 0.110667, 0.000000), (0.000000, 0.000000, 0.000000), (0.000000, 0.000000, 0.000000), 0.011000, 0.794240, 0.110667, 0.040000, 1.966378
218, 1, (0.956863, 0.701961, 0.019608, 1.000000), 4, (1.285760, -0.254733, 0.000000), (0.000000, 0.000000, 0.000000), (0.000000, 0.000000, 0.000000), 0.011000, 1.285760, -0.254733, 0.060000, 3.266377
219, 1, (0.956863, 0.701961, 0.019608, 1.000000), 4, (1.397120, -0.245067, 0.000000), (0.000000, 0.000000, 0.000000), (0.000000, 0.000000, 0.000000), 0.011000, 1.397120, -0.245067, 0.040000, 3.066377
220, 1, (0.956863, 0.701961, 0.019608, 1.000000), 4, (1.063040, 0.118400, 0.000000), (0.000000, 0.000000, 0.000000), (0.000000, 0.000000, 0.000000), 0.011000, 1.063040, 0.118400, 0.040000, 4.766376
