Number of bodies: 221
ID, IsSolid, Color (R, G, B, A), Movement, Position (X, Y, Z), Velocity (X, Y, Z), Force (X, Y, Z), Radius
0, 1, (0.192157, 0.152941, 0.376471, 1.000000), 0, (-0.015342, -0.691282, 0.000000), (0.649851, -0.226614, 0.000000), (0.000000, 0.000000, 0.000000), 0.023000
1, 1, (0.894118, 0.858824, 0.333333, 1.000000), 0, (-0.337181, 0.905189, 0.000000), (0.535674, 0.581500, 0.000000), (0.000000, 0.000000, 0.000000), 0.023000
2, 1, (0.894118, 0.858824, 0.333333, 1.000000), 0, (0.020060, -1.205226, 0.000000), (0.792770, -0.620278, 0.000000), (0.000000, 0.000000, 0.000000), 0.023000
3, 1, (0.894118, 0.858824, 0.333333, 1.000000), 0, (-2.169888, 1.057178, 0.000000), (-0.360079, 0.521079, 0.000000), (0.000000, 0.000000, 0.000000), 0.023000
4, 1, (0.254902, 0.290196, 0.298039, 1.000000), 0, (-2.423996, 0.452559, 0.000000), (-0.474975, 0.092560, 0.000000), (0.000000, 0.000000, 0.000000), 0.023000
5, 1, (0.083059, 0.173765, 0.304510, 1.000000), 0, (-1.670625, 0.944332, 0.000000), (-0.075730, 0.242361, 0.000000), (0.000000, 0.000000, 0.000000), 0.023000
6, 1, (0.083059, 0.173765, 0.304510, 1.000000), 0, (-1.996794, 0.684114, 0.000000), (-0.300956, 0.011421, 0.000000), (0.000000, 0.000000, 0.000000), 0.023000
7, 1, (0.083059, 0.173765, 0.304510, 1.000000), 0, (0.336732, 2.287910, 0.000000), (0.873935, 0.817010, 0.000000), (0.000000, 0.000000, 0.000000), 0.023000
8, 1, (0.364706, 0.368627, 0.305882, 1.000000), 0, (-0.678436, 1.622270, 0.000000), (0.240899, 0.419214, 0.000000), (0.000000, 0.000000, 0.000000), 0.023000
9, 1, (0.364706, 0.368627, 0.305882, 1.000000), 0, (-2.346608, 1.269103, 0.000000), (-0.747319, 0.198557, 0.000000), (0.000000, 0.000000, 0.000000), 0.023000
10, 1, (0.364706, 0.368627, 0.305882, 1.000000), 0, (-2.680650, -0.027096, 0.000000), (-0.997923, -0.529607, 0.000000), (0.000000, 0.000000, 0.000000), 0.023000
11, 1, (0.192157, 0.164706, 0.160784, 1.000000), 0, (-2.079100, 2.074456, 0.000000), (-0.756061, 0.592973, 0.000000), (0.000000, 0.000000, 0.000000), 0.023000
12, 1, (0.192157, 0.164706, 0.160784, 1.000000), 0, (-1.885629, 0.573062, 0.000000), (-0.717166, -0.213492, 0.000000), (0.000000, 0.000000, 0.000000), 0.023000
13, 1, (0.192157, 0.164706, 0.160784, 1.000000), 0, (-1.871470, -0.530331, 0.000000), (-0.770944, -0.797763, 0.000000), (0.000000, 0.000000, 0.000000), 0.023000
14, 1, (0.192157, 0.282353, 0.286275, 1.000000), 0, (1.467509, -0.156471, 0.000000), (0.967324, -0.578867, 0.000000), (0.000000, 0.000000, 0.000000), 0.023000
15, 1, (0.192157, 0.282353, 0.286275, 1.000000), 0, (-0.232174, 2.124038, 0.000000), (-0.004660, 0.662844, 0.000000), (0.000000, 0.000000, 0.000000), 0.023000
16, 1, (0.192157, 0.282353, 0.286275, 1.000000), 0, (0.230930, 0.069972, 0.000000), (0.194755, -0.423317, 0.000000), (0.000000, 0.000000, 0.000000), 0.023000
17, 1, (0.196078, 0.392157, 0.588235, 1.000000), 0, (0.411049, 0.884480, 0.000000), (0.244580, 0.033194, 0.000000), (0.000000, 0.000000, 0.000000), 0.023000
18, 1, (0.196078, 0.392157, 0.588235, 1.000000), 0, (-0.059401, 2.513733, 0.000000), (-0.043359, 0.930170, 0.000000), (0.000000, 0.000000, 0.000000), 0.023000
19, 1, (0.196078, 0.392157, 0.588235, 1.000000), 0, (-0.728528, 1.742739, 0.000000), (-0.445491, 0.527335, 0.000000), (0.000000, 0.000000, 0.000000), 0.023000
20, 1, (0.054902, 0.211765, 0.341176, 1.000000), 0, (0.218516, 1.689378, 0.000000), (0.022965, 0.524447, 0.000000), (0.000000, 0.000000, 0.000000), 0.023000
21, 1, (0.054902, 0.211765, 0.341176, 1.000000), 0, (-0.200274, 2.068405, 0.000000), (-0.230067, 0.767679, 0.000000), (0.000000, 0.000000, 0.000000), 0.023000
22, 1, (0.054902, 0.211765, 0.341176, 1.000000), 0, (-0.549860, 0.003248, 0.000000), (-0.463895, -0.310464, 0.000000), (0.000000, 0.000000, 0.000000), 0.023000
23, 1, (0.976471, 0.894118, 0.588235, 1.000000), 0, (1.450924, 1.998371, 0.000000), (0.584925, 0.822673, 0.000000), (0.000000, 0.000000, 0.000000), 0.023000
24, 1, (0.976471, 0.894118, 0.588235, 1.000000), 0, (-1.274647, 1.978744, 0.000000), (-0.891014, 0.883274, 0.000000), (0.000000, 0.000000, 0.000000), 0.023000
25, 1, (0.976471, 0.894118, 0.588235, 1.000000), 0, (0.521868, -1.248739, 0.000000), (0.021466, -0.843269, 0.000000), (0.000000, 0.000000, 0.000000), 0.023000
26, 1, (0.058824, 0.231373, 0.321569, 1.000000), 0, (-0.594627, 0.819742, 0.000000), (-0.646097, 0.311073, 0.000000), (0.000000, 0.000000, 0.000000), 0.023000
27, 1, (0.058824, 0.231373, 0.321569, 1.000000), 0, (2.100405, -0.345987, 0.000000), (0.749941, -0.317594, 0.000000), (0.000000, 0.000000, 0.000000), 0.023000
28, 1, (0.058824, 0.231373, 0.321569, 1.000000), 0, (-0.768976, -1.647595, 0.000000), (-0.902182, -0.975334, 0.000000), (0.000000, 0.000000, 0.000000), 0.023000
29, 1, (0.156863, 0.156863, 0.149020, 1.000000), 0, (0.793134, -1.573864, 0.000000), (-0.115121, -0.889189, 0.000000), (0.000000, 0.000000, 0.000000), 0.023000
30, 1, (0.156863, 0.156863, 0.149020, 1.000000), 0, (0.035416, 1.677784, 0.000000), (-0.553965, 0.925888, 0.000000), (0.000000, 0.000000, 0.000000), 0.023000
31, 1, (0.156863, 0.156863, 0.149020, 1.000000), 0, (2.628273, 1.191816, 0.000000), (0.773892, 0.686459, 0.000000), (0.000000, 0.000000, 0.000000), 0.023000
32, 1, (0.956863, 0.701961, 0.019608, 1.000000), 0, (0.226524, -0.102136, 0.000000), (-0.497193, 0.064140, 0.000000), (0.000000, 0.000000, 0.000000), 0.023000
33, 1, (0.956863, 0.701961, 0.019608, 1.000000), 0, (0.500270, 0.653553, 0.000000), (-0.280111, 0.505117, 0.000000), (0.000000, 0.000000, 0.000000), 0.023000
34, 1, (0.956863, 0.701961, 0.019608, 1.000000), 0, (0.886343, 0.274434, 0.000000), (-0.005454, 0.320067, 0.000000), (0.000000, 0.000000, 0.000000), 0.023000
35, 1, (0.776471, 0.792157, 0.454902, 1.000000), 0, (0.761078, -2.092215, 0.000000), (0.032688, -0.936820, 0.000000), (0.000000, 0.000000, 0.000000), 0.023000
36, 1, (0.776471, 0.792157, 0.454902, 1.000000), 0, (0.315526, 1.215916, 0.000000), (-0.155249, 0.848290, 0.000000), (0.000000, 0.000000, 0.000000), 0.023000
37, 1, (0.776471, 0.792157, 0.454902, 1.000000), 0, (2.015673, 0.419813, 0.000000), (0.831095, 0.426524, 0.000000), (0.000000, 0.000000, 0.000000), 0.023000
38, 1, (0.164706, 0.294118, 0.486275, 1.000000), 0, (-0.611562, 0.473026, 0.000000), (-0.461938, 0.461688, 0.000000), (0.000000, 0.000000, 0.000000), 0.023000
39, 1, (0.164706, 0.294118, 0.486275, 1.000000), 0, (0.593656, -0.956848, 0.000000), (0.249433, -0.307283, 0.000000), (0.000000, 0.000000, 0.000000), 0.023000
40, 1, (0.164706, 0.294118, 0.486275, 1.000000), 0, (0.620030, -1.644339, 0.000000), (0.345198, -0.683432, 0.000000), (0.000000, 0.000000, 0.000000), 0.023000
41, 1, (0.192157, 0.152941, 0.376471, 1.000000), 0, (-0.483596, 1.009938, 0.000000), (-0.150316, 0.744770, 0.000000), (0.000000, 0.000000, 0.000000), 0.023000
42, 1, (0.192157, 0.152941, 0.376471, 1.000000), 0, (0.882860, -1.028788, 0.000000), (0.627878, -0.354706, 0.000000), (0.000000, 0.000000, 0.000000), 0.023000
43, 1, (0.192157, 0.152941, 0.376471, 1.000000), 0, (-1.505549, 1.049246, 0.000000), (-0.572588, 0.771365, 0.000000), (0.000000, 0.000000, 0.000000), 0.023000
44, 1, (0.894118, 0.858824, 0.333333, 1.000000), 0, (-1.206552, 0.294685, 0.000000), (-0.329804, 0.357959, 0.000000), (0.000000, 0.000000, 0.000000), 0.023000
45, 1, (0.894118, 0.858824, 0.333333, 1.000000), 0, (0.942281, -0.064867, 0.000000), (0.882412, 0.161900, 0.000000), (0.000000, 0.000000, 0.000000), 0.023000
46, 1, (0.894118, 0.858824, 0.333333, 1.000000), 0, (-0.365031, 0.944557, 0.000000), (0.284084, 0.701972, 0.000000), (0.000000, 0.000000, 0.000000), 0.023000
47, 1, (0.894118, 0.858824, 0.333333, 1.000000), 0, (-1.258421, 1.186721, 0.000000), (-0.151405, 0.832559, 0.000000), (0.000000, 0.000000, 0.000000), 0.023000
48, 1, (0.894118, 0.858824, 0.333333, 1.000000), 0, (-1.535993, 0.801719, 0.000000), (-0.233651, 0.614153, 0.000000), (0.000000, 0.000000, 0.000000), 0.023000
49, 1, (0.894118, 0.858824, 0.333333, 1.000000), 0, (-0.545227, 1.176524, 0.000000), (0.337912, 0.806564, 0.000000), (0.000000, 0.000000, 0.000000), 0.023000
50, 1, (0.894118, 0.858824, 0.333333, 1.000000), 0, (-1.145869, -0.491447, 0.000000), (-0.065543, -0.583730, 0.000000), (0.000000, 0.000000, 0.000000), 0.023000
51, 1, (0.894118, 0.858824, 0.333333, 1.000000), 0, (0.581392, 2.044462, 0.000000), (0.869980, 0.824876, 0.000000), (0.000000, 0.000000, 0.000000), 0.023000
52, 1, (0.894118, 0.858824, 0.333333, 1.000000), 0, (-2.398790, 1.831602, 0.000000), (-0.735205, 0.746744, 0.000000), (0.000000, 0.000000, 0.000000), 0.023000
53, 1, (0.894118, 0.858824, 0.333333, 1.000000), 0, (-0.574534, 0.088051, 0.000000), (0.251637, -0.151473, 0.000000), (0.000000, 0.000000, 0.000000), 0.023000
54, 1, (0.894118, 0.858824, 0.333333, 1.000000), 0, (-0.656073, -0.549553, 0.000000), (0.208668, -0.453261, 0.000000), (0.000000, 0.000000, 0.000000), 0.023000
55, 1, (0.894118, 0.858824, 0.333333, 1.000000), 0, (-0.044541, -0.551639, 0.000000), (0.541480, -0.400465, 0.000000), (0.000000, 0.000000, 0.000000), 0.023000
56, 1, (0.894118, 0.858824, 0.333333, 1.000000), 0, (-1.057102, -0.481332, 0.000000), (-0.136457, -0.563167, 0.000000), (0.000000, 0.000000, 0.000000), 0.023000
57, 1, (0.894118, 0.858824, 0.333333, 1.000000), 0, (-2.010135, -0.369437, 0.000000), (-0.655458, -0.462911, 0.000000), (0.000000, 0.000000, 0.000000), 0.023000
58, 1, (0.894118, 0.858824, 0.333333, 1.000000), 0, (-0.660677, 0.082744, 0.000000), (0.082363, -0.182378, 0.000000), (0.000000, 0.000000, 0.000000), 0.023000
59, 1, (0.894118, 0.858824, 0.333333, 1.000000), 0, (-2.089694, 1.847052, 0.000000), (-0.691310, 0.798227, 0.000000), (0.000000, 0.000000, 0.000000), 0.023000
60, 1, (0.894118, 0.858824, 0.333333, 1.000000), 0, (-2.341644, -1.146289, 0.000000), (-0.824182, -0.763230, 0.000000), (0.000000, 0.000000, 0.000000), 0.023000
61, 1, (0.894118, 0.858824, 0.333333, 1.000000), 0, (-0.890635, 1.128393, 0.000000), (-0.039636, 0.505570, 0.000000), (0.000000, 0.000000, 0.000000), 0.023000
62, 1, (0.894118, 0.858824, 0.333333, 1.000000), 0, (0.748539, 1.997628, 0.000000), (0.938979, 0.854628, 0.000000), (0.000000, 0.000000, 0.000000), 0.023000
63, 1, (0.894118, 0.858824, 0.333333, 1.000000), 0, (-0.256919, -0.064798, 0.000000), (0.338365, -0.249004, 0.000000), (0.000000, 0.000000, 0.000000), 0.023000
64, 1, (0.894118, 0.858824, 0.333333, 1.000000), 0, (-0.068768, -0.118649, 0.000000), (0.469017, -0.278053, 0.000000), (0.000000, 0.000000, 0.000000), 0.023000
65, 1, (0.894118, 0.858824, 0.333333, 1.000000), 0, (-1.441093, -0.572537, 0.000000), (-0.442204, -0.550857, 0.000000), (0.000000, 0.000000, 0.000000), 0.023000
66, 1, (0.894118, 0.858824, 0.333333, 1.000000), 0, (-0.375611, -0.621432, 0.000000), (0.138452, -0.526555, 0.000000), (0.000000, 0.000000, 0.000000), 0.023000
67, 1, (0.894118, 0.858824, 0.333333, 1.000000), 0, (-1.981817, 1.075348, 0.000000), (-0.725745, 0.448917, 0.000000), (0.000000, 0.000000, 0.000000), 0.023000
68, 1, (0.894118, 0.858824, 0.333333, 1.000000), 0, (-2.064824, 1.242769, 0.000000), (-0.779575, 0.571560, 0.000000), (0.000000, 0.000000, 0.000000), 0.023000
69, 1, (0.894118, 0.858824, 0.333333, 1.000000), 0, (-1.899141, 1.059266, 0.000000), (-0.702321, 0.474762, 0.000000), (0.000000, 0.000000, 0.000000), 0.023000
70, 1, (0.894118, 0.858824, 0.333333, 1.000000), 0, (-2.205192, 1.837628, 0.000000), (-0.881465, 0.884828, 0.000000), (0.000000, 0.000000, 0.000000), 0.023000
71, 1, (0.894118, 0.858824, 0.333333, 1.000000), 0, (-2.318538, 0.604379, 0.000000), (-0.925466, 0.027746, 0.000000), (0.000000, 0.000000, 0.000000), 0.023000
72, 1, (0.894118, 0.858824, 0.333333, 1.000000), 0, (-1.885979, -0.441580, 0.000000), (-0.678103, -0.535256, 0.000000), (0.000000, 0.000000, 0.000000), 0.023000
73, 1, (0.894118, 0.858824, 0.333333, 1.000000), 0, (0.426662, 1.409225, 0.000000), (0.565072, 0.449928, 0.000000), (0.000000, 0.000000, 0.000000), 0.023000
74, 1, (0.894118, 0.858824, 0.333333, 1.000000), 0, (-0.078445, 2.287799, 0.000000), (0.282603, 0.919430, 0.000000), (0.000000, 0.000000, 0.000000), 0.023000
75, 1, (0.894118, 0.858824, 0.333333, 1.000000), 0, (0.123191, 1.533645, 0.000000), (0.248392, 0.504089, 0.000000), (0.000000, 0.000000, 0.000000), 0.023000
76, 1, (0.894118, 0.858824, 0.333333, 1.000000), 0, (-1.901617, -0.917575, 0.000000), (-0.843564, -0.745575, 0.000000), (0.000000, 0.000000, 0.000000), 0.023000
77, 1, (0.894118, 0.858824, 0.333333, 1.000000), 0, (-0.305985, -1.257729, 0.000000), (0.009896, -0.858916, 0.000000), (0.000000, 0.000000, 0.000000), 0.023000
78, 1, (0.894118, 0.858824, 0.333333, 1.000000), 0, (-1.987154, -0.904909, 0.000000), (-0.890712, -0.606070, 0.000000), (0.000000, 0.000000, 0.000000), 0.023000
79, 1, (0.894118, 0.858824, 0.333333, 1.000000), 0, (-0.525876, 1.263946, 0.000000), (-0.107684, 0.623974, 0.000000), (0.000000, 0.000000, 0.000000), 0.023000
80, 1, (0.894118, 0.858824, 0.333333, 1.000000), 0, (-0.090361, 0.914252, 0.000000), (0.116113, 0.495781, 0.000000), (0.000000, 0.000000, 0.000000), 0.023000
81, 1, (0.894118, 0.858824, 0.333333, 1.000000), 0, (-2.066864, -1.316655, 0.000000), (-0.926647, -0.699766, 0.000000), (0.000000, 0.000000, 0.000000), 0.023000
82, 1, (0.894118, 0.858824, 0.333333, 1.000000), 0, (1.473306, -1.146121, 0.000000), (0.969463, -0.606723, 0.000000), (0.000000, 0.000000, 0.000000), 0.023000
83, 1, (0.894118, 0.858824, 0.333333, 1.000000), 0, (1.072709, -1.462542, 0.000000), (0.749387, -0.764443, 0.000000), (0.000000, 0.000000, 0.000000), 0.023000
84, 1, (0.894118, 0.858824, 0.333333, 1.000000), 0, (1.478265, -1.705414, 0.000000), (0.965073, -0.907265, 0.000000), (0.000000, 0.000000, 0.000000), 0.023000
85, 1, (0.894118, 0.858824, 0.333333, 1.000000), 0, (0.972690, -1.617642, 0.000000), (0.710555, -0.870723, 0.000000), (0.000000, 0.000000, 0.000000), 0.023000
86, 1, (0.894118, 0.858824, 0.333333, 1.000000), 0, (-2.242193, 1.513377, 0.000000), (-1.022201, 0.830758, 0.000000), (0.000000, 0.000000, 0.000000), 0.023000
87, 1, (0.894118, 0.858824, 0.333333, 1.000000), 0, (-0.560997, -1.260945, 0.000000), (0.157260, -0.654636, 0.000000), (0.000000, 0.000000, 0.000000), 0.023000
88, 1, (0.894118, 0.858824, 0.333333, 1.000000), 0, (-1.977411, -0.483265, 0.000000), (-0.704262, -0.232000, 0.000000), (0.000000, 0.000000, 0.000000), 0.023000
89, 1, (0.894118, 0.858824, 0.333333, 1.000000), 0, (0.588913, 0.960013, 0.000000), (0.795529, 0.624010, 0.000000), (0.000000, 0.000000, 0.000000), 0.023000
90, 1, (0.894118, 0.858824, 0.333333, 1.000000), 0, (-1.457887, -0.052946, 0.000000), (-0.312334, 0.089590, 0.000000), (0.000000, 0.000000, 0.000000), 0.023000
91, 1, (0.894118, 0.858824, 0.333333, 1.000000), 0, (-0.620229, -0.437463, 0.000000), (0.128335, -0.110229, 0.000000), (0.000000, 0.000000, 0.000000), 0.023000
92, 1, (0.894118, 0.858824, 0.333333, 1.000000), 0, (-0.201197, -1.748366, 0.000000), (0.344250, -0.816100, 0.000000), (0.000000, 0.000000, 0.000000), 0.023000
93, 1, (0.894118, 0.858824, 0.333333, 1.000000), 0, (-0.750148, 0.674609, 0.000000), (0.031091, 0.499207, 0.000000), (0.000000, 0.000000, 0.000000), 0.023000
94, 1, (0.894118, 0.858824, 0.333333, 1.000000), 0, (-1.573391, 1.539867, 0.000000), (-0.421934, 0.969077, 0.000000), (0.000000, 0.000000, 0.000000), 0.023000
95, 1, (0.894118, 0.858824, 0.333333, 1.000000), 0, (-0.549083, 1.114802, 0.000000), (0.123418, 0.739847, 0.000000), (0.000000, 0.000000, 0.000000), 0.023000
96, 1, (0.894118, 0.858824, 0.333333, 1.000000), 0, (0.099417, 0.200475, 0.000000), (0.465094, 0.242440, 0.000000), (0.000000, 0.000000, 0.000000), 0.023000
97, 1, (0.894118, 0.858824, 0.333333, 1.000000), 0, (-2.536930, 0.663405, 0.000000), (-0.959683, 0.480225, 0.000000), (0.000000, 0.000000, 0.000000), 0.023000
98, 1, (0.894118, 0.858824, 0.333333, 1.000000), 0, (0.446115, 1.309942, 0.000000), (0.635953, 0.835373, 0.000000), (0.000000, 0.000000, 0.000000), 0.023000
99, 1, (0.894118, 0.858824, 0.333333, 1.000000), 0, (0.598295, 0.936064, 0.000000), (0.716018, 0.646695, 0.000000), (0.000000, 0.000000, 0.000000), 0.023000
100, 1, (0.894118, 0.858824, 0.333333, 1.000000), 0, (1.034946, 0.602588, 0.000000), (0.928344, 0.472242, 0.000000), (0.000000, 0.000000, 0.000000), 0.023000
101, 1, (0.894118, 0.858824, 0.333333, 1.000000), 0, (0.741639, 1.487847, 0.000000), (0.776208, 0.951811, 0.000000), (0.000000, 0.000000, 0.000000), 0.023000
102, 1, (0.894118, 0.858824, 0.333333, 1.000000), 0, (-0.103642, -0.317759, 0.000000), (0.303236, -0.020863, 0.000000), (0.000000, 0.000000, 0.000000), 0.023000
103, 1, (0.894118, 0.858824, 0.333333, 1.000000), 0, (-1.951905, 0.916257, 0.000000), (-0.702589, 0.644643, 0.000000), (0.000000, 0.000000, 0.000000), 0.023000
104, 1, (0.894118, 0.858824, 0.333333, 1.000000), 0, (0.764705, -1.866322, 0.000000), (0.747373, -0.861391, 0.000000), (0.000000, 0.000000, 0.000000), 0.023000
105, 1, (0.894118, 0.858824, 0.333333, 1.000000), 0, (-0.085205, -1.226004, 0.000000), (0.268889, -0.519292, 0.000000), (0.000000, 0.000000, 0.000000), 0.023000
106, 1, (0.894118, 0.858824, 0.333333, 1.000000), 0, (-0.160224, -1.296084, 0.000000), (0.228435, -0.557106, 0.000000), (0.000000, 0.000000, 0.000000), 0.023000
107, 1, (0.894118, 0.858824, 0.333333, 1.000000), 0, (0.112938, -0.958738, 0.000000), (0.370715, -0.381646, 0.000000), (0.000000, 0.000000, 0.000000), 0.023000
108, 1, (0.894118, 0.858824, 0.333333, 1.000000), 0, (-1.266058, -1.275580, 0.000000), (-0.372970, -0.552524, 0.000000), (0.000000, 0.000000, 0.000000), 0.023000
109, 1, (0.364706, 0.368627, 0.305882, 1.000000), 0, (-1.510294, 0.153910, 0.000000), (-0.882203, 0.250764, 0.000000), (0.000000, 0.000000, 0.000000), 0.022000
110, 1, (0.364706, 0.368627, 0.305882, 1.000000), 0, (-0.989480, 0.212898, 0.000000), (-0.583212, 0.286884, 0.000000), (0.000000, 0.000000, 0.000000), 0.022000
111, 1, (0.364706, 0.368627, 0.305882, 1.000000), 0, (0.039494, 1.414871, 0.000000), (-0.009153, 0.927551, 0.000000), (0.000000, 0.000000, 0.000000), 0.022000
112, 1, (0.364706, 0.368627, 0.305882, 1.000000), 0, (-0.825183, -0.138603, 0.000000), (-0.470441, 0.076833, 0.000000), (0.000000, 0.000000, 0.000000), 0.022000
113, 1, (0.364706, 0.368627, 0.305882, 1.000000), 0, (0.803710, -1.721783, 0.000000), (0.408013, -0.788819, 0.000000), (0.000000, 0.000000, 0.000000), 0.022000
114, 1, (0.364706, 0.368627, 0.305882, 1.000000), 0, (-0.083493, 0.073596, 0.000000), (-0.087558, 0.169699, 0.000000), (0.000000, 0.000000, 0.000000), 0.022000
115, 1, (0.364706, 0.368627, 0.305882, 1.000000), 0, (1.707364, -0.449618, 0.000000), (0.858112, -0.113545, 0.000000), (0.000000, 0.000000, 0.000000), 0.022000
116, 1, (0.364706, 0.368627, 0.305882, 1.000000), 0, (-0.519303, 0.999806, 0.000000), (-0.357822, 0.679989, 0.000000), (0.000000, 0.000000, 0.000000), 0.022000
117, 1, (0.364706, 0.368627, 0.305882, 1.000000), 0, (-0.155259, -2.163875, 0.000000), (-0.161498, -1.008917, 0.000000), (0.000000, 0.000000, 0.000000), 0.022000
118, 1, (0.364706, 0.368627, 0.305882, 1.000000), 0, (-0.474369, 0.091638, 0.000000), (-0.340639, 0.181582, 0.000000), (0.000000, 0.000000, 0.000000), 0.022000
119, 1, (0.364706, 0.368627, 0.305882, 1.000000), 0, (1.373865, -1.244486, 0.000000), (0.635962, -0.547597, 0.000000), (0.000000, 0.000000, 0.000000), 0.022000
120, 1, (0.364706, 0.368627, 0.305882, 1.000000), 0, (0.799968, -0.322819, 0.000000), (0.320427, -0.049480, 0.000000), (0.000000, 0.000000, 0.000000), 0.022000
121, 1, (0.364706, 0.368627, 0.305882, 1.000000), 0, (0.093406, -1.000927, 0.000000), (-0.066653, -0.405469, 0.000000), (0.000000, 0.000000, 0.000000), 0.022000
122, 1, (0.364706, 0.368627, 0.305882, 1.000000), 0, (0.952545, -1.472839, 0.000000), (0.393650, -0.650269, 0.000000), (0.000000, 0.000000, 0.000000), 0.022000
123, 1, (0.364706, 0.368627, 0.305882, 1.000000), 0, (0.615913, -2.012337, 0.000000), (0.213121, -0.933652, 0.000000), (0.000000, 0.000000, 0.000000), 0.022000
124, 1, (0.364706, 0.368627, 0.305882, 1.000000), 0, (-0.156733, 0.397233, 0.000000), (-0.202557, 0.376587, 0.000000), (0.000000, 0.000000, 0.000000), 0.022000
125, 1, (0.364706, 0.368627, 0.305882, 1.000000), 0, (0.797992, 0.168867, 0.000000), (0.317348, 0.259900, 0.000000), (0.000000, 0.000000, 0.000000), 0.022000
126, 1, (0.364706, 0.368627, 0.305882, 1.000000), 0, (-0.417770, -1.517168, 0.000000), (-0.336293, -0.646135, 0.000000), (0.000000, 0.000000, 0.000000), 0.022000
127, 1, (0.364706, 0.368627, 0.305882, 1.000000), 0, (0.527692, 0.121982, 0.000000), (0.187687, 0.238935, 0.000000), (0.000000, 0.000000, 0.000000), 0.022000
128, 1, (0.364706, 0.368627, 0.305882, 1.000000), 0, (0.969401, -0.986074, 0.000000), (0.430934, -0.358631, 0.000000), (0.000000, 0.000000, 0.000000), 0.022000
129, 1, (0.364706, 0.368627, 0.305882, 1.000000), 0, (0.949416, -1.355975, 0.000000), (0.450352, -0.610955, 0.000000), (0.000000, 0.000000, 0.000000), 0.022000
130, 1, (0.364706, 0.368627, 0.305882, 1.000000), 0, (1.618726, 0.455583, 0.000000), (0.811304, 0.354133, 0.000000), (0.000000, 0.000000, 0.000000), 0.022000
131, 1, (0.364706, 0.368627, 0.305882, 1.000000), 0, (0.625630, -1.121774, 0.000000), (0.275736, -0.500849, 0.000000), (0.000000, 0.000000, 0.000000), 0.022000
132, 1, (0.364706, 0.368627, 0.305882, 1.000000), 0, (0.178042, -1.732845, 0.000000), (0.034357, -0.840093, 0.000000), (0.000000, 0.000000, 0.000000), 0.022000
133, 1, (0.364706, 0.368627, 0.305882, 1.000000), 0, (-0.830483, 1.233948, 0.000000), (-0.509531, 0.739388, 0.000000), (0.000000, 0.000000, 0.000000), 0.022000
134, 1, (0.364706, 0.368627, 0.305882, 1.000000), 0, (0.747984, -1.670214, 0.000000), (0.341725, -0.827900, 0.000000), (0.000000, 0.000000, 0.000000), 0.022000
135, 1, (0.364706, 0.368627, 0.305882, 1.000000), 0, (-1.389479, -0.628840, 0.000000), (-0.807973, -0.292179, 0.000000), (0.000000, 0.000000, 0.000000), 0.022000
136, 1, (0.364706, 0.368627, 0.305882, 1.000000), 0, (0.336542, 0.266089, 0.000000), (0.122856, 0.171043, 0.000000), (0.000000, 0.000000, 0.000000), 0.022000
137, 1, (0.364706, 0.368627, 0.305882, 1.000000), 0, (0.675423, -0.844928, 0.000000), (0.302589, -0.437825, 0.000000), (0.000000, 0.000000, 0.000000), 0.022000
138, 1, (0.364706, 0.368627, 0.305882, 1.000000), 0, (1.112187, -0.814407, 0.000000), (0.521010, -0.438622, 0.000000), (0.000000, 0.000000, 0.000000), 0.022000
139, 1, (0.364706, 0.368627, 0.305882, 1.000000), 0, (-0.529247, -1.208182, 0.000000), (-0.371240, -0.635878, 0.000000), (0.000000, 0.000000, 0.000000), 0.022000
140, 1, (0.364706, 0.368627, 0.305882, 1.000000), 0, (1.921243, -1.956586, 0.000000), (0.938202, -1.008223, 0.000000), (0.000000, 0.000000, 0.000000), 0.022000
141, 1, (0.364706, 0.368627, 0.305882, 1.000000), 0, (1.337208, -0.788550, 0.000000), (0.624258, -0.352422, 0.000000), (0.000000, 0.000000, 0.000000), 0.022000
142, 1, (0.364706, 0.368627, 0.305882, 1.000000), 0, (-1.046322, -0.433096, 0.000000), (-0.654122, -0.142386, 0.000000), (0.000000, 0.000000, 0.000000), 0.022000
143, 1, (0.364706, 0.368627, 0.305882, 1.000000), 0, (1.807131, 1.316014, 0.000000), (0.886749, 0.822480, 0.000000), (0.000000, 0.000000, 0.000000), 0.022000
144, 1, (0.364706, 0.368627, 0.305882, 1.000000), 0, (1.097898, 0.618683, 0.000000), (0.499218, 0.382770, 0.000000), (0.000000, 0.000000, 0.000000), 0.022000
145, 1, (0.364706, 0.368627, 0.305882, 1.000000), 0, (-1.291302, 0.613404, 0.000000), (-0.788238, 0.356191, 0.000000), (0.000000, 0.000000, 0.000000), 0.022000
146, 1, (0.364706, 0.368627, 0.305882, 1.000000), 0, (-0.317074, 0.941562, 0.000000), (-0.262861, 0.533167, 0.000000), (0.000000, 0.000000, 0.000000), 0.022000
147, 1, (0.196078, 0.392157, 0.588235, 1.000000), 0, (2.021862, 1.476201, 0.000000), (0.855578, 0.817166, 0.000000), (0.000000, 0.000000, 0.000000), 0.022000
148, 1, (0.196078, 0.392157, 0.588235, 1.000000), 0, (1.687400, -1.213018, 0.000000), (0.693310, -0.608284, 0.000000), (0.000000, 0.000000, 0.000000), 0.022000
149, 1, (0.196078, 0.392157, 0.588235, 1.000000), 0, (1.454756, 0.098574, 0.000000), (0.556789, 0.080704, 0.000000), (0.000000, 0.000000, 0.000000), 0.022000
150, 1, (0.196078, 0.392157, 0.588235, 1.000000), 0, (-0.400975, 1.404106, 0.000000), (-0.435948, 0.794485, 0.000000), (0.000000, 0.000000, 0.000000), 0.022000
151, 1, (0.196078, 0.392157, 0.588235, 1.000000), 0, (1.870003, 1.271309, 0.000000), (0.788761, 0.732578, 0.000000), (0.000000, 0.000000, 0.000000), 0.022000
152, 1, (0.196078, 0.392157, 0.588235, 1.000000), 0, (0.330847, 0.139005, 0.000000), (-0.034237, 0.137019, 0.000000), (0.000000, 0.000000, 0.000000), 0.022000
153, 1, (0.196078, 0.392157, 0.588235, 1.000000), 0, (-0.920402, -0.994062, 0.000000), (-0.705011, -0.467558, 0.000000), (0.000000, 0.000000, 0.000000), 0.022000
154, 1, (0.196078, 0.392157, 0.588235, 1.000000), 0, (1.671147, -0.225779, 0.000000), (0.698633, -0.030583, 0.000000), (0.000000, 0.000000, 0.000000), 0.022000
155, 1, (0.196078, 0.392157, 0.588235, 1.000000), 0, (0.182439, 1.086475, 0.000000), (-0.103200, 0.682504, 0.000000), (0.000000, 0.000000, 0.000000), 0.022000
156, 1, (0.196078, 0.392157, 0.588235, 1.000000), 0, (0.302280, -0.958482, 0.000000), (-0.038570, -0.433274, 0.000000), (0.000000, 0.000000, 0.000000), 0.022000
157, 1, (0.196078, 0.392157, 0.588235, 1.000000), 0, (-0.791467, 0.617437, 0.000000), (-0.669682, 0.352977, 0.000000), (0.000000, 0.000000, 0.000000), 0.022000
158, 1, (0.196078, 0.392157, 0.588235, 1.000000), 0, (1.248826, -1.428148, 0.000000), (0.424576, -0.737264, 0.000000), (0.000000, 0.000000, 0.000000), 0.022000
159, 1, (0.196078, 0.392157, 0.588235, 1.000000), 0, (0.802243, -0.151694, 0.000000), (0.175693, -0.030537, 0.000000), (0.000000, 0.000000, 0.000000), 0.022000
160, 1, (0.196078, 0.392157, 0.588235, 1.000000), 0, (1.685034, 0.660062, 0.000000), (0.645743, 0.433124, 0.000000), (0.000000, 0.000000, 0.000000), 0.022000
161, 1, (0.196078, 0.392157, 0.588235, 1.000000), 0, (-0.756700, -1.212705, 0.000000), (-0.674110, -0.571449, 0.000000), (0.000000, 0.000000, 0.000000), 0.022000
162, 1, (0.196078, 0.392157, 0.588235, 1.000000), 0, (0.436797, -1.608168, 0.000000), (-0.033474, -0.772863, 0.000000), (0.000000, 0.000000, 0.000000), 0.022000
163, 1, (0.196078, 0.392157, 0.588235, 1.000000), 0, (-0.906829, -0.679140, 0.000000), (-0.754048, -0.294495, 0.000000), (0.000000, 0.000000, 0.000000), 0.022000
164, 1, (0.196078, 0.392157, 0.588235, 1.000000), 0, (-0.302636, 1.432140, 0.000000), (-0.380911, 0.848410, 0.000000), (0.000000, 0.000000, 0.000000), 0.022000
165, 1, (0.196078, 0.392157, 0.588235, 1.000000), 0, (1.860104, 0.287203, 0.000000), (0.786445, 0.228811, 0.000000), (0.000000, 0.000000, 0.000000), 0.022000
166, 1, (0.196078, 0.392157, 0.588235, 1.000000), 0, (1.626054, 1.018194, 0.000000), (0.643131, 0.620875, 0.000000), (0.000000, 0.000000, 0.000000), 0.022000
167, 1, (0.196078, 0.392157, 0.588235, 1.000000), 0, (0.388507, -0.771611, 0.000000), (-0.038376, -0.345437, 0.000000), (0.000000, 0.000000, 0.000000), 0.022000
168, 1, (0.196078, 0.392157, 0.588235, 1.000000), 0, (0.013032, 0.427451, 0.000000), (-0.241870, 0.302282, 0.000000), (0.000000, 0.000000, 0.000000), 0.022000
169, 1, (0.196078, 0.392157, 0.588235, 1.000000), 0, (0.939397, -0.975709, 0.000000), (0.187241, -0.497568, 0.000000), (0.000000, 0.000000, 0.000000), 0.022000
170, 1, (0.196078, 0.392157, 0.588235, 1.000000), 0, (-0.763456, -1.696840, 0.000000), (-0.728065, -0.870290, 0.000000), (0.000000, 0.000000, 0.000000), 0.022000
171, 1, (0.196078, 0.392157, 0.588235, 1.000000), 0, (-0.924335, 0.424329, 0.000000), (-0.814828, 0.279034, 0.000000), (0.000000, 0.000000, 0.000000), 0.022000
172, 1, (0.196078, 0.392157, 0.588235, 1.000000), 0, (0.029736, -0.954815, 0.000000), (-0.303328, -0.438841, 0.000000), (0.000000, 0.000000, 0.000000), 0.022000
173, 1, (0.196078, 0.392157, 0.588235, 1.000000), 0, (-0.091574, -1.701834, 0.000000), (-0.367753, -0.833083, 0.000000), (0.000000, 0.000000, 0.000000), 0.022000
174, 1, (0.196078, 0.392157, 0.588235, 1.000000), 0, (0.264228, 1.403738, 0.000000), (-0.175869, 0.853609, 0.000000), (0.000000, 0.000000, 0.000000), 0.022000
175, 1, (0.196078, 0.392157, 0.588235, 1.000000), 0, (0.843661, -1.085393, 0.000000), (0.136616, -0.484458, 0.000000), (0.000000, 0.000000, 0.000000), 0.022000
176, 1, (0.196078, 0.392157, 0.588235, 1.000000), 0, (1.124325, 0.753229, 0.000000), (0.286969, 0.508175, 0.000000), (0.000000, 0.000000, 0.000000), 0.022000
177, 1, (0.196078, 0.392157, 0.588235, 1.000000), 0, (0.488970, -1.456611, 0.000000), (-0.055671, -0.700836, 0.000000), (0.000000, 0.000000, 0.000000), 0.022000
178, 1, (0.196078, 0.392157, 0.588235, 1.000000), 0, (1.952359, 0.290442, 0.000000), (0.735549, 0.235950, 0.000000), (0.000000, 0.000000, 0.000000), 0.022000
179, 1, (0.196078, 0.392157, 0.588235, 1.000000), 0, (0.597552, -1.243074, 0.000000), (0.004905, -0.599693, 0.000000), (0.000000, 0.000000, 0.000000), 0.022000
180, 1, (0.196078, 0.392157, 0.588235, 1.000000), 0, (0.747196, -0.419282, 0.000000), (0.084597, -0.162982, 0.000000), (0.000000, 0.000000, 0.000000), 0.022000
181, 1, (0.196078, 0.392157, 0.588235, 1.000000), 0, (1.757334, -0.509262, 0.000000), (0.629354, -0.226604, 0.000000), (0.000000, 0.000000, 0.000000), 0.022000
182, 1, (0.196078, 0.392157, 0.588235, 1.000000), 0, (-0.414454, -0.716838, 0.000000), (-0.541871, -0.363353, 0.000000), (0.000000, 0.000000, 0.000000), 0.022000
183, 1, (0.196078, 0.392157, 0.588235, 1.000000), 0, (1.388053, 0.454605, 0.000000), (0.428196, 0.261928, 0.000000), (0.000000, 0.000000, 0.000000), 0.022000
184, 1, (0.196078, 0.392157, 0.588235, 1.000000), 0, (2.361675, -0.659468, 0.000000), (0.939165, -0.338894, 0.000000), (0.000000, 0.000000, 0.000000), 0.022000
185, 1, (0.196078, 0.392157, 0.588235, 1.000000), 0, (2.071551, -1.421224, 0.000000), (0.764596, -0.743231, 0.000000), (0.000000, 0.000000, 0.000000), 0.022000
186, 1, (0.196078, 0.392157, 0.588235, 1.000000), 0, (0.286883, -1.917793, 0.000000), (-0.208949, -1.004563, 0.000000), (0.000000, 0.000000, 0.000000), 0.022000
187, 1, (0.196078, 0.392157, 0.588235, 1.000000), 0, (1.664563, 0.899980, 0.000000), (0.536039, 0.533392, 0.000000), (0.000000, 0.000000, 0.000000), 0.022000
188, 1, (0.196078, 0.392157, 0.588235, 1.000000), 0, (-0.169817, -1.574634, 0.000000), (-0.443168, -0.786045, 0.000000), (0.000000, 0.000000, 0.000000), 0.022000
189, 1, (0.196078, 0.392157, 0.588235, 1.000000), 0, (1.941615, 0.674012, 0.000000), (0.700545, 0.426631, 0.000000), (0.000000, 0.000000, 0.000000), 0.022000
190, 1, (0.196078, 0.392157, 0.588235, 1.000000), 0, (-1.097171, -0.338339, 0.000000), (-0.932200, -0.117170, 0.000000), (0.000000, 0.000000, 0.000000), 0.022000
191, 1, (0.196078, 0.392157, 0.588235, 1.000000), 0, (2.337800, 0.607448, 0.000000), (0.942410, 0.400438, 0.000000), (0.000000, 0.000000, 0.000000), 0.022000
192, 1, (0.196078, 0.392157, 0.588235, 1.000000), 0, (-0.538496, -0.260407, 0.000000), (-0.608759, -0.067592, 0.000000), (0.000000, 0.000000, 0.000000), 0.022000
193, 1, (0.196078, 0.392157, 0.588235, 1.000000), 0, (1.882449, -1.669549, 0.000000), (0.699838, -0.827541, 0.000000), (0.000000, 0.000000, 0.000000), 0.022000
194, 1, (0.196078, 0.392157, 0.588235, 1.000000), 0, (-0.927052, -0.605883, 0.000000), (-0.831406, -0.249588, 0.000000), (0.000000, 0.000000, 0.000000), 0.022000
195, 1, (0.196078, 0.392157, 0.588235, 1.000000), 0, (-0.158498, 0.407099, 0.000000), (-0.426998, 0.298860, 0.000000), (0.000000, 0.000000, 0.000000), 0.022000
196, 1, (0.196078, 0.392157, 0.588235, 1.000000), 0, (1.745346, -1.557454, 0.000000), (0.587666, -0.751976, 0.000000), (0.000000, 0.000000, 0.000000), 0.022000
197, 1, (0.196078, 0.392157, 0.588235, 1.000000), 0, (-1.056730, -1.859772, 0.000000), (-0.927508, -0.908536, 0.000000), (0.000000, 0.000000, 0.000000), 0.022000
198, 1, (0.196078, 0.392157, 0.588235, 1.000000), 0, (0.460918, 0.826042, 0.000000), (-0.115093, 0.546356, 0.000000), (0.000000, 0.000000, 0.000000), 0.022000
199, 1, (0.196078, 0.392157, 0.588235, 1.000000), 0, (1.337515, -0.432615, 0.000000), (0.353628, -0.130260, 0.000000), (0.000000, 0.000000, 0.000000), 0.022000
200, 1, (0.196078, 0.392157, 0.588235, 1.000000), 0, (-0.744392, 0.236832, 0.000000), (-0.792302, 0.163893, 0.000000), (0.000000, 0.000000, 0.000000), 0.022000
201, 1, (0.196078, 0.392157, 0.588235, 1.000000), 0, (0.959753, 0.019292, 0.000000), (0.126745, 0.044418, 0.000000), (0.000000, 0.000000, 0.000000), 0.022000
202, 1, (0.196078, 0.392157, 0.588235, 1.000000), 0, (1.044884, -0.603667, 0.000000), (0.159566, -0.291547, 0.000000), (0.000000, 0.000000, 0.000000), 0.022000
203, 1, (0.196078, 0.392157, 0.588235, 1.000000), 0, (-0.001694, 1.349988, 0.000000), (-0.421954, 0.762066, 0.000000), (0.000000, 0.000000, 0.000000), 0.022000
204, 1, (0.196078, 0.392157, 0.588235, 1.000000), 0, (0.654096, -1.318062, 0.000000), (-0.077355, -0.675740, 0.000000), (0.000000, 0.000000, 0.000000), 0.022000
205, 1, (0.196078, 0.392157, 0.588235, 1.000000), 0, (1.166537, 0.001896, 0.000000), (0.188934, 0.036114, 0.000000), (0.000000, 0.000000, 0.000000), 0.022000
206, 1, (0.196078, 0.392157, 0.588235, 1.000000), 0, (1.232370, 0.255155, 0.000000), (0.207326, 0.177012, 0.000000), (0.000000, 0.000000, 0.000000), 0.022000
207, 1, (0.196078, 0.392157, 0.588235, 1.000000), 0, (-0.192680, 1.121501, 0.000000), (-0.563212, 0.644236, 0.000000), (0.000000, 0.000000, 0.000000), 0.022000
208, 1, (0.196078, 0.392157, 0.588235, 1.000000), 0, (-0.786205, -1.589344, 0.000000), (-0.890344, -0.817705, 0.000000), (0.000000, 0.000000, 0.000000), 0.022000
209, 1, (0.196078, 0.392157, 0.588235, 1.000000), 0, (2.379568, -1.326697, 0.000000), (0.816931, -0.676081, 0.000000), (0.000000, 0.000000, 0.000000), 0.022000
210, 1, (0.196078, 0.392157, 0.588235, 1.000000), 0, (0.680655, -1.119618, 0.000000), (-0.067058, -0.564398, 0.000000), (0.000000, 0.000000, 0.000000), 0.022000
211, 1, (0.196078, 0.392157, 0.588235, 1.000000), 0, (1.960234, -0.877316, 0.000000), (0.623014, -0.433723, 0.000000), (0.000000, 0.000000, 0.000000), 0.022000
212, 1, (0.196078, 0.392157, 0.588235, 1.000000), 0, (0.216919, 1.273266, 0.000000), (-0.316138, 0.741175, 0.000000), (0.000000, 0.000000, 0.000000), 0.022000
213, 1, (0.196078, 0.392157, 0.588235, 1.000000), 0, (0.168929, 1.028245, 0.000000), (-0.342023, 0.614437, 0.000000), (0.000000, 0.000000, 0.000000), 0.022000
214, 1, (0.196078, 0.392157, 0.588235, 1.000000), 0, (1.336741, -1.877125, 0.000000), (0.287768, -0.942726, 0.000000), (0.000000, 0.000000, 0.000000), 0.022000
215, 1, (0.196078, 0.392157, 0.588235, 1.000000), 0, (-0.154790, 0.850349, 0.000000), (-0.515587, 0.541134, 0.000000), (0.000000, 0.000000, 0.000000), 0.022000
216, 1, (0.196078, 0.392157, 0.588235, 1.000000), 0, (1.208074, 1.048870, 0.000000), (0.221404, 0.656827, 0.000000), (0.000000, 0.000000, 0.000000), 0.022000
217, 1, (0.196078, 0.392157, 0.588235, 1.000000), 0, (0.029475, -1.244254, 0.000000), (-0.414211, -0.573362, 0.000000), (0.000000, 0.000000, 0.000000), 0.022000
218, 1, (0.196078, 0.392157, 0.588235, 1.000000), 0, (-0.377123, 0.181408, 0.000000), (-0.634483, 0.209504, 0.000000), (0.000000, 0.000000, 0.000000), 0.022000
219, 1, (0.196078, 0.392157, 0.588235, 1.000000), 0, (-0.704540, 0.411953, 0.000000), (-0.811059, 0.333830, 0.000000), (0.000000, 0.000000, 0.000000), 0.022000
220, 1, (1.000000, 1.000000, 1.000000, 1.000000), 0, (-0.138667, 0.052000, 0.000000), (0.564525, 0.438924, 0.000000), (0.000000, 0.000000, 0.000000), 0.969013
