Number of bodies: 229
ID, IsSolid, Color (R, G, B, A), Movement, Position (X, Y, Z), Velocity (X, Y, Z), Force (X, Y, Z), Radius
0, 1, (0.192157, 0.152941, 0.376471, 1.000000), 0, (-1.220333, -0.271073, 0.000000), (0.649851, -0.226614, 0.000000), (0.000000, 0.000000, 0.000000), 0.023000
1, 1, (0.894118, 0.858824, 0.333333, 1.000000), 0, (-1.330466, -0.173073, 0.000000), (0.535674, 0.581500, 0.000000), (0.000000, 0.000000, 0.000000), 0.023000
2, 1, (0.894118, 0.858824, 0.333333, 1.000000), 0, (-1.449933, -0.055073, 0.000000), (0.792770, -0.620278, 0.000000), (0.000000, 0.000000, 0.000000), 0.023000
3, 1, (0.894118, 0.858824, 0.333333, 1.000000), 0, (-1.502200, 0.090927, 0.000000), (-0.360079, 0.521079, 0.000000), (0.000000, 0.000000, 0.000000), 0.023000
4, 1, (0.254902, 0.290196, 0.298039, 1.000000), 0, (-1.543266, 0.280927, 0.000000), (-0.474975, 0.092560, 0.000000), (0.000000, 0.000000, 0.000000), 0.023000
5, 1, (0.083059, 0.173765, 0.304510, 1.000000), 0, (-1.530200, 0.494927, 0.000000), (-0.075730, 0.242361, 0.000000), (0.000000, 0.000000, 0.000000), 0.023000
6, 1, (0.083059, 0.173765, 0.304510, 1.000000), 0, (-1.438733, 0.662927, 0.000000), (-0.300956, 0.011421, 0.000000), (0.000000, 0.000000, 0.000000), 0.023000
7, 1, (0.083059, 0.173765, 0.304510, 1.000000), 0, (-1.283800, 0.772927, 0.000000), (0.873935, 0.817010, 0.000000), (0.000000, 0.000000, 0.000000), 0.023000
8, 1, (0.364706, 0.368627, 0.305882, 1.000000), 0, (-1.125133, 0.844927, 0.000000), (0.240899, 0.419214, 0.000000), (0.000000, 0.000000, 0.000000), 0.023000
9, 1, (0.364706, 0.368627, 0.305882, 1.000000), 0, (-0.960866, 0.900927, 0.000000), (-0.747319, 0.198557, 0.000000), (0.000000, 0.000000, 0.000000), 0.023000
10, 1, (0.364706, 0.368627, 0.305882, 1.000000), 0, (-0.830200, 0.954927, 0.000000), (-0.997923, -0.529607, 0.000000), (0.000000, 0.000000, 0.000000), 0.023000
11, 1, (0.192157, 0.164706, 0.160784, 1.000000), 0, (-0.677133, 0.974927, 0.000000), (-0.756061, 0.592973, 0.000000), (0.000000, 0.000000, 0.000000), 0.023000
12, 1, (0.192157, 0.164706, 0.160784, 1.000000), 0, (-0.555800, 0.968927, 0.000000), (-0.717166, -0.213492, 0.000000), (0.000000, 0.000000, 0.000000), 0.023000
13, 1, (0.192157, 0.164706, 0.160784, 1.000000), 0, (-0.441933, 0.948927, 0.000000), (-0.770944, -0.797763, 0.000000), (0.000000, 0.000000, 0.000000), 0.023000
14, 1, (0.192157, 0.282353, 0.286275, 1.000000), 0, (-0.326200, 0.916927, 0.000000), (0.967324, -0.578867, 0.000000), (0.000000, 0.000000, 0.000000), 0.023000
15, 1, (0.192157, 0.282353, 0.286275, 1.000000), 0, (-0.223533, 0.894927, 0.000000), (-0.004660, 0.662844, 0.000000), (0.000000, 0.000000, 0.000000), 0.023000
16, 1, (0.192157, 0.282353, 0.286275, 1.000000), 0, (-0.130200, 0.854927, 0.000000), (0.194755, -0.423317, 0.000000), (0.000000, 0.000000, 0.000000), 0.023000
17, 1, (0.196078, 0.392157, 0.588235, 1.000000), 0, (-0.042466, 0.822927, 0.000000), (0.244580, 0.033194, 0.000000), (0.000000, 0.000000, 0.000000), 0.023000
18, 1, (0.196078, 0.392157, 0.588235, 1.000000), 0, (0.021000, 0.788927, 0.000000), (-0.043359, 0.930170, 0.000000), (0.000000, 0.000000, 0.000000), 0.023000
19, 1, (0.196078, 0.392157, 0.588235, 1.000000), 0, (0.097534, 0.764927, 0.000000), (-0.445491, 0.527335, 0.000000), (0.000000, 0.000000, 0.000000), 0.023000
20, 1, (0.054902, 0.211765, 0.341176, 1.000000), 0, (0.175934, 0.716927, 0.000000), (0.022965, 0.524447, 0.000000), (0.000000, 0.000000, 0.000000), 0.023000
21, 1, (0.054902, 0.211765, 0.341176, 1.000000), 0, (0.226334, 0.644927, 0.000000), (-0.230067, 0.767679, 0.000000), (0.000000, 0.000000, 0.000000), 0.023000
22, 1, (0.054902, 0.211765, 0.341176, 1.000000), 0, (0.310334, 0.578927, 0.000000), (-0.463895, -0.310464, 0.000000), (0.000000, 0.000000, 0.000000), 0.023000
23, 1, (0.976471, 0.894118, 0.588235, 1.000000), 0, (0.366334, 0.472927, 0.000000), (0.584925, 0.822673, 0.000000), (0.000000, 0.000000, 0.000000), 0.023000
24, 1, (0.976471, 0.894118, 0.588235, 1.000000), 0, (0.377534, 0.340927, 0.000000), (-0.891014, 0.883274, 0.000000), (0.000000, 0.000000, 0.000000), 0.023000
25, 1, (0.976471, 0.894118, 0.588235, 1.000000), 0, (0.482067, 0.314927, 0.000000), (0.021466, -0.843269, 0.000000), (0.000000, 0.000000, 0.000000), 0.023000
26, 1, (0.058824, 0.231373, 0.321569, 1.000000), 0, (0.603400, 0.242927, 0.000000), (-0.646097, 0.311073, 0.000000), (0.000000, 0.000000, 0.000000), 0.023000
27, 1, (0.058824, 0.231373, 0.321569, 1.000000), 0, (0.709800, 0.242927, 0.000000), (0.749941, -0.317594, 0.000000), (0.000000, 0.000000, 0.000000), 0.023000
28, 1, (0.058824, 0.231373, 0.321569, 1.000000), 0, (0.903934, 0.160927, 0.000000), (-0.902182, -0.975334, 0.000000), (0.000000, 0.000000, 0.000000), 0.023000
29, 1, (0.156863, 0.156863, 0.149020, 1.000000), 0, (1.006600, 0.074927, 0.000000), (-0.115121, -0.889189, 0.000000), (0.000000, 0.000000, 0.000000), 0.023000
30, 1, (0.156863, 0.156863, 0.149020, 1.000000), 0, (1.062600, -0.039073, 0.000000), (-0.553965, 0.925888, 0.000000), (0.000000, 0.000000, 0.000000), 0.023000
31, 1, (0.156863, 0.156863, 0.149020, 1.000000), 0, (1.193267, -0.081073, 0.000000), (0.773892, 0.686459, 0.000000), (0.000000, 0.000000, 0.000000), 0.023000
32, 1, (0.956863, 0.701961, 0.019608, 1.000000), 0, (1.148467, -0.221073, 0.000000), (-0.497193, 0.064140, 0.000000), (0.000000, 0.000000, 0.000000), 0.023000
33, 1, (0.956863, 0.701961, 0.019608, 1.000000), 0, (1.019667, -0.283073, 0.000000), (-0.280111, 0.505117, 0.000000), (0.000000, 0.000000, 0.000000), 0.023000
34, 1, (0.956863, 0.701961, 0.019608, 1.000000), 0, (0.896467, -0.319073, 0.000000), (-0.005454, 0.320067, 0.000000), (0.000000, 0.000000, 0.000000), 0.023000
35, 1, (0.776471, 0.792157, 0.454902, 1.000000), 0, (0.700467, -0.355073, 0.000000), (0.032688, -0.936820, 0.000000), (0.000000, 0.000000, 0.000000), 0.023000
36, 1, (0.776471, 0.792157, 0.454902, 1.000000), 0, (0.603400, -0.357073, 0.000000), (-0.155249, 0.848290, 0.000000), (0.000000, 0.000000, 0.000000), 0.023000
37, 1, (0.776471, 0.792157, 0.454902, 1.000000), 0, (0.474600, -0.371073, 0.000000), (0.831095, 0.426524, 0.000000), (0.000000, 0.000000, 0.000000), 0.023000
38, 1, (0.164706, 0.294118, 0.486275, 1.000000), 0, (0.245000, -0.383073, 0.000000), (-0.461938, 0.461688, 0.000000), (0.000000, 0.000000, 0.000000), 0.023000
39, 1, (0.164706, 0.294118, 0.486275, 1.000000), 0, (0.131134, -0.387073, 0.000000), (0.249433, -0.307283, 0.000000), (0.000000, 0.000000, 0.000000), 0.023000
40, 1, (0.164706, 0.294118, 0.486275, 1.000000), 0, (-0.020066, -0.377073, 0.000000), (0.345198, -0.683432, 0.000000), (0.000000, 0.000000, 0.000000), 0.023000
41, 1, (0.192157, 0.152941, 0.376471, 1.000000), 0, (-0.204866, -0.371073, 0.000000), (-0.150316, 0.744770, 0.000000), (0.000000, 0.000000, 0.000000), 0.023000
42, 1, (0.192157, 0.152941, 0.376471, 1.000000), 0, (-0.281400, -0.371073, 0.000000), (0.627878, -0.354706, 0.000000), (0.000000, 0.000000, 0.000000), 0.023000
43, 1, (0.192157, 0.152941, 0.376471, 1.000000), 0, (-0.443800, -0.381073, 0.000000), (-0.572588, 0.771365, 0.000000), (0.000000, 0.000000, 0.000000), 0.023000
44, 1, (0.894118, 0.858824, 0.333333, 1.000000), 0, (-0.595000, -0.369073, 0.000000), (-0.329804, 0.357959, 0.000000), (0.000000, 0.000000, 0.000000), 0.023000
45, 1, (0.894118, 0.858824, 0.333333, 1.000000), 0, (-0.693933, -0.365073, 0.000000), (0.882412, 0.161900, 0.000000), (0.000000, 0.000000, 0.000000), 0.023000
46, 1, (0.894118, 0.858824, 0.333333, 1.000000), 0, (-0.891800, -0.357073, 0.000000), (0.284084, 0.701972, 0.000000), (0.000000, 0.000000, 0.000000), 0.023000
47, 1, (0.894118, 0.858824, 0.333333, 1.000000), 0, (-0.977666, -0.357073, 0.000000), (-0.151405, 0.832559, 0.000000), (0.000000, 0.000000, 0.000000), 0.023000
48, 1, (0.894118, 0.858824, 0.333333, 1.000000), 0, (-1.102733, -0.337073, 0.000000), (-0.233651, 0.614153, 0.000000), (0.000000, 0.000000, 0.000000), 0.023000
49, 1, (0.894118, 0.858824, 0.333333, 1.000000), 0, (-1.171800, -0.319073, 0.000000), (0.337912, 0.806564, 0.000000), (0.000000, 0.000000, 0.000000), 0.023000
50, 1, (0.894118, 0.858824, 0.333333, 1.000000), 0, (-1.024333, 0.590927, 0.000000), (-0.065543, -0.583730, 0.000000), (0.000000, 0.000000, 0.000000), 0.023000
51, 1, (0.894118, 0.858824, 0.333333, 1.000000), 0, (-1.031800, 0.514927, 0.000000), (0.869980, 0.824876, 0.000000), (0.000000, 0.000000, 0.000000), 0.023000
52, 1, (0.894118, 0.858824, 0.333333, 1.000000), 0, (-1.035533, 0.446927, 0.000000), (-0.735205, 0.746744, 0.000000), (0.000000, 0.000000, 0.000000), 0.023000
53, 1, (0.894118, 0.858824, 0.333333, 1.000000), 0, (-1.041133, 0.368927, 0.000000), (0.251637, -0.151473, 0.000000), (0.000000, 0.000000, 0.000000), 0.023000
54, 1, (0.894118, 0.858824, 0.333333, 1.000000), 0, (-1.043000, 0.290927, 0.000000), (0.208668, -0.453261, 0.000000), (0.000000, 0.000000, 0.000000), 0.023000
55, 1, (0.894118, 0.858824, 0.333333, 1.000000), 0, (-1.048600, 0.190927, 0.000000), (0.541480, -0.400465, 0.000000), (0.000000, 0.000000, 0.000000), 0.023000
56, 1, (0.894118, 0.858824, 0.333333, 1.000000), 0, (-0.804066, 0.562927, 0.000000), (-0.136457, -0.563167, 0.000000), (0.000000, 0.000000, 0.000000), 0.023000
57, 1, (0.894118, 0.858824, 0.333333, 1.000000), 0, (-0.794733, 0.488927, 0.000000), (-0.655458, -0.462911, 0.000000), (0.000000, 0.000000, 0.000000), 0.023000
58, 1, (0.894118, 0.858824, 0.333333, 1.000000), 0, (-0.813400, 0.420927, 0.000000), (0.082363, -0.182378, 0.000000), (0.000000, 0.000000, 0.000000), 0.023000
59, 1, (0.894118, 0.858824, 0.333333, 1.000000), 0, (-0.807800, 0.366927, 0.000000), (-0.691310, 0.798227, 0.000000), (0.000000, 0.000000, 0.000000), 0.023000
60, 1, (0.894118, 0.858824, 0.333333, 1.000000), 0, (-0.813400, 0.268927, 0.000000), (-0.824182, -0.763230, 0.000000), (0.000000, 0.000000, 0.000000), 0.023000
61, 1, (0.894118, 0.858824, 0.333333, 1.000000), 0, (-0.817133, 0.190927, 0.000000), (-0.039636, 0.505570, 0.000000), (0.000000, 0.000000, 0.000000), 0.023000
62, 1, (0.894118, 0.858824, 0.333333, 1.000000), 0, (-0.992600, 0.412927, 0.000000), (0.938979, 0.854628, 0.000000), (0.000000, 0.000000, 0.000000), 0.023000
63, 1, (0.894118, 0.858824, 0.333333, 1.000000), 0, (-0.884333, 0.396927, 0.000000), (0.338365, -0.249004, 0.000000), (0.000000, 0.000000, 0.000000), 0.023000
64, 1, (0.894118, 0.858824, 0.333333, 1.000000), 0, (-0.938466, 0.396927, 0.000000), (0.469017, -0.278053, 0.000000), (0.000000, 0.000000, 0.000000), 0.023000
65, 1, (0.894118, 0.858824, 0.333333, 1.000000), 0, (-0.621133, 0.448927, 0.000000), (-0.442204, -0.550857, 0.000000), (0.000000, 0.000000, 0.000000), 0.023000
66, 1, (0.894118, 0.858824, 0.333333, 1.000000), 0, (-0.632333, 0.354927, 0.000000), (0.138452, -0.526555, 0.000000), (0.000000, 0.000000, 0.000000), 0.023000
67, 1, (0.894118, 0.858824, 0.333333, 1.000000), 0, (-0.636066, 0.242927, 0.000000), (-0.725745, 0.448917, 0.000000), (0.000000, 0.000000, 0.000000), 0.023000
68, 1, (0.894118, 0.858824, 0.333333, 1.000000), 0, (-0.619266, 0.182927, 0.000000), (-0.779575, 0.571560, 0.000000), (0.000000, 0.000000, 0.000000), 0.023000
69, 1, (0.894118, 0.858824, 0.333333, 1.000000), 0, (-0.596866, 0.178927, 0.000000), (-0.702321, 0.474762, 0.000000), (0.000000, 0.000000, 0.000000), 0.023000
70, 1, (0.894118, 0.858824, 0.333333, 1.000000), 0, (-0.570733, 0.196927, 0.000000), (-0.881465, 0.884828, 0.000000), (0.000000, 0.000000, 0.000000), 0.023000
71, 1, (0.894118, 0.858824, 0.333333, 1.000000), 0, (-0.602466, 0.552927, 0.000000), (-0.925466, 0.027746, 0.000000), (0.000000, 0.000000, 0.000000), 0.023000
72, 1, (0.894118, 0.858824, 0.333333, 1.000000), 0, (-0.628600, 0.550927, 0.000000), (-0.678103, -0.535256, 0.000000), (0.000000, 0.000000, 0.000000), 0.023000
73, 1, (0.894118, 0.858824, 0.333333, 1.000000), 0, (-0.621133, 0.574927, 0.000000), (0.565072, 0.449928, 0.000000), (0.000000, 0.000000, 0.000000), 0.023000
74, 1, (0.894118, 0.858824, 0.333333, 1.000000), 0, (-0.602466, 0.582927, 0.000000), (0.282603, 0.919430, 0.000000), (0.000000, 0.000000, 0.000000), 0.023000
75, 1, (0.894118, 0.858824, 0.333333, 1.000000), 0, (-0.337400, 0.598927, 0.000000), (0.248392, 0.504089, 0.000000), (0.000000, 0.000000, 0.000000), 0.023000
76, 1, (0.894118, 0.858824, 0.333333, 1.000000), 0, (-0.337400, 0.464927, 0.000000), (-0.843564, -0.745575, 0.000000), (0.000000, 0.000000, 0.000000), 0.023000
77, 1, (0.894118, 0.858824, 0.333333, 1.000000), 0, (-0.324333, 0.334927, 0.000000), (0.009896, -0.858916, 0.000000), (0.000000, 0.000000, 0.000000), 0.023000
78, 1, (0.894118, 0.858824, 0.333333, 1.000000), 0, (-0.335533, 0.218927, 0.000000), (-0.890712, -0.606070, 0.000000), (0.000000, 0.000000, 0.000000), 0.023000
79, 1, (0.894118, 0.858824, 0.333333, 1.000000), 0, (-0.326200, 0.106927, 0.000000), (-0.107684, 0.623974, 0.000000), (0.000000, 0.000000, 0.000000), 0.023000
80, 1, (0.894118, 0.858824, 0.333333, 1.000000), 0, (-0.305666, -0.005073, 0.000000), (0.116113, 0.495781, 0.000000), (0.000000, 0.000000, 0.000000), 0.023000
81, 1, (0.894118, 0.858824, 0.333333, 1.000000), 0, (-0.348600, -0.019073, 0.000000), (-0.926647, -0.699766, 0.000000), (0.000000, 0.000000, 0.000000), 0.023000
82, 1, (0.894118, 0.858824, 0.333333, 1.000000), 0, (-0.324333, -0.021073, 0.000000), (0.969463, -0.606723, 0.000000), (0.000000, 0.000000, 0.000000), 0.023000
83, 1, (0.894118, 0.858824, 0.333333, 1.000000), 0, (-0.316866, -0.045073, 0.000000), (0.749387, -0.764443, 0.000000), (0.000000, 0.000000, 0.000000), 0.023000
84, 1, (0.894118, 0.858824, 0.333333, 1.000000), 0, (-0.311266, -0.023073, 0.000000), (0.965073, -0.907265, 0.000000), (0.000000, 0.000000, 0.000000), 0.023000
85, 1, (0.894118, 0.858824, 0.333333, 1.000000), 0, (-0.344866, -0.003073, 0.000000), (0.710555, -0.870723, 0.000000), (0.000000, 0.000000, 0.000000), 0.023000
86, 1, (0.894118, 0.858824, 0.333333, 1.000000), 0, (-0.346733, -0.027073, 0.000000), (-1.022201, 0.830758, 0.000000), (0.000000, 0.000000, 0.000000), 0.023000
87, 1, (0.894118, 0.858824, 0.333333, 1.000000), 0, (-0.852600, -0.047073, 0.000000), (0.157260, -0.654636, 0.000000), (0.000000, 0.000000, 0.000000), 0.023000
88, 1, (0.894118, 0.858824, 0.333333, 1.000000), 0, (-0.671533, -0.053073, 0.000000), (-0.704262, -0.232000, 0.000000), (0.000000, 0.000000, 0.000000), 0.023000
89, 1, (0.894118, 0.858824, 0.333333, 1.000000), 0, (-0.886200, -0.197073, 0.000000), (0.795529, 0.624010, 0.000000), (0.000000, 0.000000, 0.000000), 0.023000
90, 1, (0.894118, 0.858824, 0.333333, 1.000000), 0, (-0.878733, -0.219073, 0.000000), (-0.312334, 0.089590, 0.000000), (0.000000, 0.000000, 0.000000), 0.023000
91, 1, (0.894118, 0.858824, 0.333333, 1.000000), 0, (-0.858200, -0.233073, 0.000000), (0.128335, -0.110229, 0.000000), (0.000000, 0.000000, 0.000000), 0.023000
92, 1, (0.894118, 0.858824, 0.333333, 1.000000), 0, (-0.839533, -0.235073, 0.000000), (0.344250, -0.816100, 0.000000), (0.000000, 0.000000, 0.000000), 0.023000
93, 1, (0.894118, 0.858824, 0.333333, 1.000000), 0, (-0.807800, -0.251073, 0.000000), (0.031091, 0.499207, 0.000000), (0.000000, 0.000000, 0.000000), 0.023000
94, 1, (0.894118, 0.858824, 0.333333, 1.000000), 0, (-0.791000, -0.257073, 0.000000), (-0.421934, 0.969077, 0.000000), (0.000000, 0.000000, 0.000000), 0.023000
95, 1, (0.894118, 0.858824, 0.333333, 1.000000), 0, (-0.777933, -0.257073, 0.000000), (0.123418, 0.739847, 0.000000), (0.000000, 0.000000, 0.000000), 0.023000
96, 1, (0.894118, 0.858824, 0.333333, 1.000000), 0, (-0.763000, -0.249073, 0.000000), (0.465094, 0.242440, 0.000000), (0.000000, 0.000000, 0.000000), 0.023000
97, 1, (0.894118, 0.858824, 0.333333, 1.000000), 0, (-0.757400, -0.227073, 0.000000), (-0.959683, 0.480225, 0.000000), (0.000000, 0.000000, 0.000000), 0.023000
98, 1, (0.894118, 0.858824, 0.333333, 1.000000), 0, (-0.733133, -0.239073, 0.000000), (0.635953, 0.835373, 0.000000), (0.000000, 0.000000, 0.000000), 0.023000
99, 1, (0.894118, 0.858824, 0.333333, 1.000000), 0, (-0.729400, -0.263073, 0.000000), (0.716018, 0.646695, 0.000000), (0.000000, 0.000000, 0.000000), 0.023000
100, 1, (0.894118, 0.858824, 0.333333, 1.000000), 0, (-0.686466, -0.273073, 0.000000), (0.928344, 0.472242, 0.000000), (0.000000, 0.000000, 0.000000), 0.023000
101, 1, (0.894118, 0.858824, 0.333333, 1.000000), 0, (-0.697666, -0.277073, 0.000000), (0.776208, 0.951811, 0.000000), (0.000000, 0.000000, 0.000000), 0.023000
102, 1, (0.894118, 0.858824, 0.333333, 1.000000), 0, (-0.665933, -0.279073, 0.000000), (0.303236, -0.020863, 0.000000), (0.000000, 0.000000, 0.000000), 0.023000
103, 1, (0.894118, 0.858824, 0.333333, 1.000000), 0, (-0.649133, -0.279073, 0.000000), (-0.702589, 0.644643, 0.000000), (0.000000, 0.000000, 0.000000), 0.023000
104, 1, (0.894118, 0.858824, 0.333333, 1.000000), 0, (-0.621133, -0.269073, 0.000000), (0.747373, -0.861391, 0.000000), (0.000000, 0.000000, 0.000000), 0.023000
105, 1, (0.894118, 0.858824, 0.333333, 1.000000), 0, (-0.583800, -0.263073, 0.000000), (0.268889, -0.519292, 0.000000), (0.000000, 0.000000, 0.000000), 0.023000
106, 1, (0.894118, 0.858824, 0.333333, 1.000000), 0, (-0.583800, -0.263073, 0.000000), (0.228435, -0.557106, 0.000000), (0.000000, 0.000000, 0.000000), 0.023000
107, 1, (0.894118, 0.858824, 0.333333, 1.000000), 0, (-0.574466, -0.251073, 0.000000), (0.370715, -0.381646, 0.000000), (0.000000, 0.000000, 0.000000), 0.023000
108, 1, (0.894118, 0.858824, 0.333333, 1.000000), 0, (-0.574466, -0.251073, 0.000000), (-0.372970, -0.552524, 0.000000), (0.000000, 0.000000, 0.000000), 0.023000
109, 1, (0.364706, 0.368627, 0.305882, 1.000000), 0, (0.125534, -0.311073, 0.000000), (-0.882203, 0.250764, 0.000000), (0.000000, 0.000000, 0.000000), 0.022000
110, 1, (0.364706, 0.368627, 0.305882, 1.000000), 0, (0.091934, -0.319073, 0.000000), (-0.583212, 0.286884, 0.000000), (0.000000, 0.000000, 0.000000), 0.022000
111, 1, (0.364706, 0.368627, 0.305882, 1.000000), 0, (0.056467, -0.305073, 0.000000), (-0.009153, 0.927551, 0.000000), (0.000000, 0.000000, 0.000000), 0.022000
112, 1, (0.364706, 0.368627, 0.305882, 1.000000), 0, (0.047134, -0.281073, 0.000000), (-0.470441, 0.076833, 0.000000), (0.000000, 0.000000, 0.000000), 0.022000
113, 1, (0.364706, 0.368627, 0.305882, 1.000000), 0, (0.047134, -0.259073, 0.000000), (0.408013, -0.788819, 0.000000), (0.000000, 0.000000, 0.000000), 0.022000
114, 1, (0.364706, 0.368627, 0.305882, 1.000000), 0, (0.078867, -0.241073, 0.000000), (-0.087558, 0.169699, 0.000000), (0.000000, 0.000000, 0.000000), 0.022000
115, 1, (0.364706, 0.368627, 0.305882, 1.000000), 0, (0.116200, -0.239073, 0.000000), (0.858112, -0.113545, 0.000000), (0.000000, 0.000000, 0.000000), 0.022000
116, 1, (0.364706, 0.368627, 0.305882, 1.000000), 0, (0.144200, -0.261073, 0.000000), (-0.357822, 0.679989, 0.000000), (0.000000, 0.000000, 0.000000), 0.022000
117, 1, (0.364706, 0.368627, 0.305882, 1.000000), 0, (0.144200, -0.293073, 0.000000), (-0.161498, -1.008917, 0.000000), (0.000000, 0.000000, 0.000000), 0.022000
118, 1, (0.364706, 0.368627, 0.305882, 1.000000), 0, (0.157267, -0.245073, 0.000000), (-0.340639, 0.181582, 0.000000), (0.000000, 0.000000, 0.000000), 0.022000
119, 1, (0.364706, 0.368627, 0.305882, 1.000000), 0, (0.194600, -0.229073, 0.000000), (0.635962, -0.547597, 0.000000), (0.000000, 0.000000, 0.000000), 0.022000
120, 1, (0.364706, 0.368627, 0.305882, 1.000000), 0, (0.205800, -0.231073, 0.000000), (0.320427, -0.049480, 0.000000), (0.000000, 0.000000, 0.000000), 0.022000
121, 1, (0.364706, 0.368627, 0.305882, 1.000000), 0, (0.217000, -0.249073, 0.000000), (-0.066653, -0.405469, 0.000000), (0.000000, 0.000000, 0.000000), 0.022000
122, 1, (0.364706, 0.368627, 0.305882, 1.000000), 0, (0.222600, -0.267073, 0.000000), (0.393650, -0.650269, 0.000000), (0.000000, 0.000000, 0.000000), 0.022000
123, 1, (0.364706, 0.368627, 0.305882, 1.000000), 0, (0.220734, -0.281073, 0.000000), (0.213121, -0.933652, 0.000000), (0.000000, 0.000000, 0.000000), 0.022000
124, 1, (0.364706, 0.368627, 0.305882, 1.000000), 0, (0.218867, -0.301073, 0.000000), (-0.202557, 0.376587, 0.000000), (0.000000, 0.000000, 0.000000), 0.022000
125, 1, (0.364706, 0.368627, 0.305882, 1.000000), 0, (0.209534, -0.313073, 0.000000), (0.317348, 0.259900, 0.000000), (0.000000, 0.000000, 0.000000), 0.022000
126, 1, (0.364706, 0.368627, 0.305882, 1.000000), 0, (0.205800, -0.319073, 0.000000), (-0.336293, -0.646135, 0.000000), (0.000000, 0.000000, 0.000000), 0.022000
127, 1, (0.364706, 0.368627, 0.305882, 1.000000), 0, (0.179667, -0.321073, 0.000000), (0.187687, 0.238935, 0.000000), (0.000000, 0.000000, 0.000000), 0.022000
128, 1, (0.364706, 0.368627, 0.305882, 1.000000), 0, (0.170334, -0.321073, 0.000000), (0.430934, -0.358631, 0.000000), (0.000000, 0.000000, 0.000000), 0.022000
129, 1, (0.364706, 0.368627, 0.305882, 1.000000), 0, (0.114334, -0.223073, 0.000000), (0.450352, -0.610955, 0.000000), (0.000000, 0.000000, 0.000000), 0.022000
130, 1, (0.364706, 0.368627, 0.305882, 1.000000), 0, (0.114334, -0.201073, 0.000000), (0.811304, 0.354133, 0.000000), (0.000000, 0.000000, 0.000000), 0.022000
131, 1, (0.364706, 0.368627, 0.305882, 1.000000), 0, (0.114334, -0.193073, 0.000000), (0.275736, -0.500849, 0.000000), (0.000000, 0.000000, 0.000000), 0.022000
132, 1, (0.364706, 0.368627, 0.305882, 1.000000), 0, (0.114334, -0.175073, 0.000000), (0.034357, -0.840093, 0.000000), (0.000000, 0.000000, 0.000000), 0.022000
133, 1, (0.364706, 0.368627, 0.305882, 1.000000), 0, (0.114334, -0.137073, 0.000000), (-0.509531, 0.739388, 0.000000), (0.000000, 0.000000, 0.000000), 0.022000
134, 1, (0.364706, 0.368627, 0.305882, 1.000000), 0, (0.114334, -0.135073, 0.000000), (0.341725, -0.827900, 0.000000), (0.000000, 0.000000, 0.000000), 0.022000
135, 1, (0.364706, 0.368627, 0.305882, 1.000000), 0, (0.108734, -0.087073, 0.000000), (-0.807973, -0.292179, 0.000000), (0.000000, 0.000000, 0.000000), 0.022000
136, 1, (0.364706, 0.368627, 0.305882, 1.000000), 0, (0.108734, -0.051073, 0.000000), (0.122856, 0.171043, 0.000000), (0.000000, 0.000000, 0.000000), 0.022000
137, 1, (0.364706, 0.368627, 0.305882, 1.000000), 0, (0.114334, -0.033073, 0.000000), (0.302589, -0.437825, 0.000000), (0.000000, 0.000000, 0.000000), 0.022000
138, 1, (0.364706, 0.368627, 0.305882, 1.000000), 0, (0.146067, -0.001073, 0.000000), (0.521010, -0.438622, 0.000000), (0.000000, 0.000000, 0.000000), 0.022000
139, 1, (0.364706, 0.368627, 0.305882, 1.000000), 0, (0.159134, -0.029073, 0.000000), (-0.371240, -0.635878, 0.000000), (0.000000, 0.000000, 0.000000), 0.022000
140, 1, (0.364706, 0.368627, 0.305882, 1.000000), 0, (0.181534, -0.087073, 0.000000), (0.938202, -1.008223, 0.000000), (0.000000, 0.000000, 0.000000), 0.022000
141, 1, (0.364706, 0.368627, 0.305882, 1.000000), 0, (0.179667, -0.135073, 0.000000), (0.624258, -0.352422, 0.000000), (0.000000, 0.000000, 0.000000), 0.022000
142, 1, (0.364706, 0.368627, 0.305882, 1.000000), 0, (0.166600, -0.169073, 0.000000), (-0.654122, -0.142386, 0.000000), (0.000000, 0.000000, 0.000000), 0.022000
143, 1, (0.364706, 0.368627, 0.305882, 1.000000), 0, (0.162867, -0.209073, 0.000000), (0.886749, 0.822480, 0.000000), (0.000000, 0.000000, 0.000000), 0.022000
144, 1, (0.364706, 0.368627, 0.305882, 1.000000), 0, (0.172200, -0.091073, 0.000000), (0.499218, 0.382770, 0.000000), (0.000000, 0.000000, 0.000000), 0.022000
145, 1, (0.364706, 0.368627, 0.305882, 1.000000), 0, (0.170334, -0.047073, 0.000000), (-0.788238, 0.356191, 0.000000), (0.000000, 0.000000, 0.000000), 0.022000
146, 1, (0.364706, 0.368627, 0.305882, 1.000000), 0, (0.170334, -0.047073, 0.000000), (-0.262861, 0.533167, 0.000000), (0.000000, 0.000000, 0.000000), 0.022000
147, 1, (0.196078, 0.392157, 0.588235, 1.000000), 0, (0.435400, -0.039073, 0.000000), (0.855578, 0.817166, 0.000000), (0.000000, 0.000000, 0.000000), 0.022000
148, 1, (0.196078, 0.392157, 0.588235, 1.000000), 0, (0.401800, -0.085073, 0.000000), (0.693310, -0.608284, 0.000000), (0.000000, 0.000000, 0.000000), 0.022000
149, 1, (0.196078, 0.392157, 0.588235, 1.000000), 0, (0.422334, -0.051073, 0.000000), (0.556789, 0.080704, 0.000000), (0.000000, 0.000000, 0.000000), 0.022000
150, 1, (0.196078, 0.392157, 0.588235, 1.000000), 0, (0.407400, -0.069073, 0.000000), (-0.435948, 0.794485, 0.000000), (0.000000, 0.000000, 0.000000), 0.022000
151, 1, (0.196078, 0.392157, 0.588235, 1.000000), 0, (0.407400, -0.087073, 0.000000), (0.788761, 0.732578, 0.000000), (0.000000, 0.000000, 0.000000), 0.022000
152, 1, (0.196078, 0.392157, 0.588235, 1.000000), 0, (0.394334, -0.115073, 0.000000), (-0.034237, 0.137019, 0.000000), (0.000000, 0.000000, 0.000000), 0.022000
153, 1, (0.196078, 0.392157, 0.588235, 1.000000), 0, (0.386867, -0.127073, 0.000000), (-0.705011, -0.467558, 0.000000), (0.000000, 0.000000, 0.000000), 0.022000
154, 1, (0.196078, 0.392157, 0.588235, 1.000000), 0, (0.375667, -0.169073, 0.000000), (0.698633, -0.030583, 0.000000), (0.000000, 0.000000, 0.000000), 0.022000
155, 1, (0.196078, 0.392157, 0.588235, 1.000000), 0, (0.373800, -0.179073, 0.000000), (-0.103200, 0.682504, 0.000000), (0.000000, 0.000000, 0.000000), 0.022000
156, 1, (0.196078, 0.392157, 0.588235, 1.000000), 0, (0.373800, -0.155073, 0.000000), (-0.038570, -0.433274, 0.000000), (0.000000, 0.000000, 0.000000), 0.022000
157, 1, (0.196078, 0.392157, 0.588235, 1.000000), 0, (0.450334, -0.037073, 0.000000), (-0.669682, 0.352977, 0.000000), (0.000000, 0.000000, 0.000000), 0.022000
158, 1, (0.196078, 0.392157, 0.588235, 1.000000), 0, (0.461534, -0.061073, 0.000000), (0.424576, -0.737264, 0.000000), (0.000000, 0.000000, 0.000000), 0.022000
159, 1, (0.196078, 0.392157, 0.588235, 1.000000), 0, (0.476467, -0.095073, 0.000000), (0.175693, -0.030537, 0.000000), (0.000000, 0.000000, 0.000000), 0.022000
160, 1, (0.196078, 0.392157, 0.588235, 1.000000), 0, (0.487667, -0.143073, 0.000000), (0.645743, 0.433124, 0.000000), (0.000000, 0.000000, 0.000000), 0.022000
161, 1, (0.196078, 0.392157, 0.588235, 1.000000), 0, (0.493267, -0.153073, 0.000000), (-0.674110, -0.571449, 0.000000), (0.000000, 0.000000, 0.000000), 0.022000
162, 1, (0.196078, 0.392157, 0.588235, 1.000000), 0, (0.498867, -0.175073, 0.000000), (-0.033474, -0.772863, 0.000000), (0.000000, 0.000000, 0.000000), 0.022000
163, 1, (0.196078, 0.392157, 0.588235, 1.000000), 0, (0.491400, -0.133073, 0.000000), (-0.754048, -0.294495, 0.000000), (0.000000, 0.000000, 0.000000), 0.022000
164, 1, (0.196078, 0.392157, 0.588235, 1.000000), 0, (0.403667, -0.141073, 0.000000), (-0.380911, 0.848410, 0.000000), (0.000000, 0.000000, 0.000000), 0.022000
165, 1, (0.196078, 0.392157, 0.588235, 1.000000), 0, (0.401800, -0.137073, 0.000000), (0.786445, 0.228811, 0.000000), (0.000000, 0.000000, 0.000000), 0.022000
166, 1, (0.196078, 0.392157, 0.588235, 1.000000), 0, (0.433534, -0.133073, 0.000000), (0.643131, 0.620875, 0.000000), (0.000000, 0.000000, 0.000000), 0.022000
167, 1, (0.196078, 0.392157, 0.588235, 1.000000), 0, (0.459667, -0.131073, 0.000000), (-0.038376, -0.345437, 0.000000), (0.000000, 0.000000, 0.000000), 0.022000
168, 1, (0.196078, 0.392157, 0.588235, 1.000000), 0, (0.461534, -0.133073, 0.000000), (-0.241870, 0.302282, 0.000000), (0.000000, 0.000000, 0.000000), 0.022000
169, 1, (0.196078, 0.392157, 0.588235, 1.000000), 0, (0.592200, -0.053073, 0.000000), (0.187241, -0.497568, 0.000000), (0.000000, 0.000000, 0.000000), 0.022000
170, 1, (0.196078, 0.392157, 0.588235, 1.000000), 0, (0.586600, -0.083073, 0.000000), (-0.728065, -0.870290, 0.000000), (0.000000, 0.000000, 0.000000), 0.022000
171, 1, (0.196078, 0.392157, 0.588235, 1.000000), 0, (0.586600, -0.093073, 0.000000), (-0.814828, 0.279034, 0.000000), (0.000000, 0.000000, 0.000000), 0.022000
172, 1, (0.196078, 0.392157, 0.588235, 1.000000), 0, (0.592200, -0.141073, 0.000000), (-0.303328, -0.438841, 0.000000), (0.000000, 0.000000, 0.000000), 0.022000
173, 1, (0.196078, 0.392157, 0.588235, 1.000000), 0, (0.590334, -0.157073, 0.000000), (-0.367753, -0.833083, 0.000000), (0.000000, 0.000000, 0.000000), 0.022000
174, 1, (0.196078, 0.392157, 0.588235, 1.000000), 0, (0.590334, -0.179073, 0.000000), (-0.175869, 0.853609, 0.000000), (0.000000, 0.000000, 0.000000), 0.022000
175, 1, (0.196078, 0.392157, 0.588235, 1.000000), 0, (0.590334, -0.187073, 0.000000), (0.136616, -0.484458, 0.000000), (0.000000, 0.000000, 0.000000), 0.022000
176, 1, (0.196078, 0.392157, 0.588235, 1.000000), 0, (0.592200, -0.189073, 0.000000), (0.286969, 0.508175, 0.000000), (0.000000, 0.000000, 0.000000), 0.022000
177, 1, (0.196078, 0.392157, 0.588235, 1.000000), 0, (0.592200, -0.157073, 0.000000), (-0.055671, -0.700836, 0.000000), (0.000000, 0.000000, 0.000000), 0.022000
178, 1, (0.196078, 0.392157, 0.588235, 1.000000), 0, (0.588467, -0.147073, 0.000000), (0.735549, 0.235950, 0.000000), (0.000000, 0.000000, 0.000000), 0.022000
179, 1, (0.196078, 0.392157, 0.588235, 1.000000), 0, (0.588467, -0.131073, 0.000000), (0.004905, -0.599693, 0.000000), (0.000000, 0.000000, 0.000000), 0.022000
180, 1, (0.196078, 0.392157, 0.588235, 1.000000), 0, (0.590334, -0.117073, 0.000000), (0.084597, -0.162982, 0.000000), (0.000000, 0.000000, 0.000000), 0.022000
181, 1, (0.196078, 0.392157, 0.588235, 1.000000), 0, (0.590334, -0.089073, 0.000000), (0.629354, -0.226604, 0.000000), (0.000000, 0.000000, 0.000000), 0.022000
182, 1, (0.196078, 0.392157, 0.588235, 1.000000), 0, (0.590334, -0.043073, 0.000000), (-0.541871, -0.363353, 0.000000), (0.000000, 0.000000, 0.000000), 0.022000
183, 1, (0.196078, 0.392157, 0.588235, 1.000000), 0, (0.594067, -0.031073, 0.000000), (0.428196, 0.261928, 0.000000), (0.000000, 0.000000, 0.000000), 0.022000
184, 1, (0.196078, 0.392157, 0.588235, 1.000000), 0, (0.620200, -0.031073, 0.000000), (0.939165, -0.338894, 0.000000), (0.000000, 0.000000, 0.000000), 0.022000
185, 1, (0.196078, 0.392157, 0.588235, 1.000000), 0, (0.653800, -0.043073, 0.000000), (0.764596, -0.743231, 0.000000), (0.000000, 0.000000, 0.000000), 0.022000
186, 1, (0.196078, 0.392157, 0.588235, 1.000000), 0, (0.674334, -0.055073, 0.000000), (-0.208949, -1.004563, 0.000000), (0.000000, 0.000000, 0.000000), 0.022000
187, 1, (0.196078, 0.392157, 0.588235, 1.000000), 0, (0.670600, -0.089073, 0.000000), (0.536039, 0.533392, 0.000000), (0.000000, 0.000000, 0.000000), 0.022000
188, 1, (0.196078, 0.392157, 0.588235, 1.000000), 0, (0.651934, -0.117073, 0.000000), (-0.443168, -0.786045, 0.000000), (0.000000, 0.000000, 0.000000), 0.022000
189, 1, (0.196078, 0.392157, 0.588235, 1.000000), 0, (0.642600, -0.117073, 0.000000), (0.700545, 0.426631, 0.000000), (0.000000, 0.000000, 0.000000), 0.022000
190, 1, (0.196078, 0.392157, 0.588235, 1.000000), 0, (0.631400, -0.121073, 0.000000), (-0.932200, -0.117170, 0.000000), (0.000000, 0.000000, 0.000000), 0.022000
191, 1, (0.196078, 0.392157, 0.588235, 1.000000), 0, (0.590334, -0.135073, 0.000000), (0.942410, 0.400438, 0.000000), (0.000000, 0.000000, 0.000000), 0.022000
192, 1, (0.196078, 0.392157, 0.588235, 1.000000), 0, (0.590334, -0.135073, 0.000000), (-0.608759, -0.067592, 0.000000), (0.000000, 0.000000, 0.000000), 0.022000
193, 1, (0.196078, 0.392157, 0.588235, 1.000000), 0, (0.584734, -0.135073, 0.000000), (0.699838, -0.827541, 0.000000), (0.000000, 0.000000, 0.000000), 0.022000
194, 1, (0.196078, 0.392157, 0.588235, 1.000000), 0, (0.614600, -0.143073, 0.000000), (-0.831406, -0.249588, 0.000000), (0.000000, 0.000000, 0.000000), 0.022000
195, 1, (0.196078, 0.392157, 0.588235, 1.000000), 0, (0.633267, -0.147073, 0.000000), (-0.426998, 0.298860, 0.000000), (0.000000, 0.000000, 0.000000), 0.022000
196, 1, (0.196078, 0.392157, 0.588235, 1.000000), 0, (0.655667, -0.163073, 0.000000), (0.587666, -0.751976, 0.000000), (0.000000, 0.000000, 0.000000), 0.022000
197, 1, (0.196078, 0.392157, 0.588235, 1.000000), 0, (0.663134, -0.175073, 0.000000), (-0.927508, -0.908536, 0.000000), (0.000000, 0.000000, 0.000000), 0.022000
198, 1, (0.196078, 0.392157, 0.588235, 1.000000), 0, (0.674334, -0.187073, 0.000000), (-0.115093, 0.546356, 0.000000), (0.000000, 0.000000, 0.000000), 0.022000
199, 1, (0.196078, 0.392157, 0.588235, 1.000000), 0, (0.681800, -0.191073, 0.000000), (0.353628, -0.130260, 0.000000), (0.000000, 0.000000, 0.000000), 0.022000
200, 1, (0.196078, 0.392157, 0.588235, 1.000000), 0, (0.724734, -0.067073, 0.000000), (-0.792302, 0.163893, 0.000000), (0.000000, 0.000000, 0.000000), 0.022000
201, 1, (0.196078, 0.392157, 0.588235, 1.000000), 0, (0.724734, -0.063073, 0.000000), (0.126745, 0.044418, 0.000000), (0.000000, 0.000000, 0.000000), 0.022000
202, 1, (0.196078, 0.392157, 0.588235, 1.000000), 0, (0.749000, -0.063073, 0.000000), (0.159566, -0.291547, 0.000000), (0.000000, 0.000000, 0.000000), 0.022000
203, 1, (0.196078, 0.392157, 0.588235, 1.000000), 0, (0.780734, -0.063073, 0.000000), (-0.421954, 0.762066, 0.000000), (0.000000, 0.000000, 0.000000), 0.022000
204, 1, (0.196078, 0.392157, 0.588235, 1.000000), 0, (0.797534, -0.065073, 0.000000), (-0.077355, -0.675740, 0.000000), (0.000000, 0.000000, 0.000000), 0.022000
205, 1, (0.196078, 0.392157, 0.588235, 1.000000), 0, (0.816200, -0.065073, 0.000000), (0.188934, 0.036114, 0.000000), (0.000000, 0.000000, 0.000000), 0.022000
206, 1, (0.196078, 0.392157, 0.588235, 1.000000), 0, (0.847934, -0.073073, 0.000000), (0.207326, 0.177012, 0.000000), (0.000000, 0.000000, 0.000000), 0.022000
207, 1, (0.196078, 0.392157, 0.588235, 1.000000), 0, (0.851667, -0.073073, 0.000000), (-0.563212, 0.644236, 0.000000), (0.000000, 0.000000, 0.000000), 0.022000
208, 1, (0.196078, 0.392157, 0.588235, 1.000000), 0, (0.864734, -0.073073, 0.000000), (-0.890344, -0.817705, 0.000000), (0.000000, 0.000000, 0.000000), 0.022000
209, 1, (0.196078, 0.392157, 0.588235, 1.000000), 0, (0.864734, -0.073073, 0.000000), (0.816931, -0.676081, 0.000000), (0.000000, 0.000000, 0.000000), 0.022000
210, 1, (0.196078, 0.392157, 0.588235, 1.000000), 0, (0.805000, -0.073073, 0.000000), (-0.067058, -0.564398, 0.000000), (0.000000, 0.000000, 0.000000), 0.022000
211, 1, (0.196078, 0.392157, 0.588235, 1.000000), 0, (0.805000, -0.073073, 0.000000), (0.623014, -0.433723, 0.000000), (0.000000, 0.000000, 0.000000), 0.022000
212, 1, (0.196078, 0.392157, 0.588235, 1.000000), 0, (0.803134, -0.101073, 0.000000), (-0.316138, 0.741175, 0.000000), (0.000000, 0.000000, 0.000000), 0.022000
213, 1, (0.196078, 0.392157, 0.588235, 1.000000), 0, (0.803134, -0.111073, 0.000000), (-0.342023, 0.614437, 0.000000), (0.000000, 0.000000, 0.000000), 0.022000
214, 1, (0.196078, 0.392157, 0.588235, 1.000000), 0, (0.803134, -0.129073, 0.000000), (0.287768, -0.942726, 0.000000), (0.000000, 0.000000, 0.000000), 0.022000
215, 1, (0.196078, 0.392157, 0.588235, 1.000000), 0, (0.801267, -0.153073, 0.000000), (-0.515587, 0.541134, 0.000000), (0.000000, 0.000000, 0.000000), 0.022000
216, 1, (0.196078, 0.392157, 0.588235, 1.000000), 0, (0.797534, -0.169073, 0.000000), (0.221404, 0.656827, 0.000000), (0.000000, 0.000000, 0.000000), 0.022000
217, 1, (0.196078, 0.392157, 0.588235, 1.000000), 0, (0.797534, -0.181073, 0.000000), (-0.414211, -0.573362, 0.000000), (0.000000, 0.000000, 0.000000), 0.022000
218, 1, (0.196078, 0.392157, 0.588235, 1.000000), 0, (0.799400, -0.207073, 0.000000), (-0.634483, 0.209504, 0.000000), (0.000000, 0.000000, 0.000000), 0.022000
219, 1, (0.196078, 0.392157, 0.588235, 1.000000), 0, (0.799400, -0.207073, 0.000000), (-0.811059, 0.333830, 0.000000), (0.000000, 0.000000, 0.000000), 0.022000
220, 1, (1.000000, 1.000000, 1.000000, 1.000000), 0, (-0.062133, -0.326000, 0.000000), (0.564525, 0.438924, 0.000000), (0.000000, 0.000000, 0.000000), 0.100000
221, 1, (1.000000, 1.000000, 1.000000, 1.000000), 0, (-0.056533, -0.328000, 0.000000), (-0.599295, -0.197625, 0.000000), (0.000000, 0.000000, 0.000000), 0.100000
222, 1, (1.000000, 1.000000, 1.000000, 1.000000), 0, (0.012533, -0.406000, 0.000000), (-0.368684, -0.131983, 0.000000), (0.000000, 0.000000, 0.000000), 0.100000
223, 1, (1.000000, 1.000000, 1.000000, 1.000000), 0, (0.639733, -0.600000, 0.000000), (-0.538008, -0.228504, 0.000000), (0.000000, 0.000000, 0.000000), 0.100000
224, 1, (1.000000, 1.000000, 1.000000, 1.000000), 0, (0.690133, -0.608000, 0.000000), (0.065692, -0.690552, 0.000000), (0.000000, 0.000000, 0.000000), 0.100000
225, 1, (1.000000, 1.000000, 1.000000, 1.000000), 0, (0.710667, -0.608000, 0.000000), (0.110795, -0.970841, 0.000000), (0.000000, 0.000000, 0.000000), 0.100000
226, 1, (1.000000, 1.000000, 1.000000, 1.000000), 0, (0.751733, -0.608000, 0.000000), (-0.239571, -0.235666, 0.000000), (0.000000, 0.000000, 0.000000), 0.100000
227, 1, (1.000000, 1.000000, 1.000000, 1.000000), 0, (0.770400, -0.612000, 0.000000), (-0.389184, 0.474815, 0.000000), (0.000000, 0.000000, 0.000000), 0.100000
228, 1, (1.000000, 1.000000, 1.000000, 1.000000), 0, (0.787200, -0.612000, 0.000000), (-0.479110, 0.299318, 0.000000), (0.000000, 0.000000, 0.000000), 0.100000
