Number of bodies: 436
ID, IsSolid, Color (R, G, B, A), Movement, Position (X, Y, Z), Velocity (X, Y, Z), Force (X, Y, Z), Radius
0, 1, (0.192157, 0.164706, 0.160784, 1.000000), 0, (-1.758933, -0.908000, 0.000000), (-0.071220, -0.969937, 0.000000), (0.000000, 0.000000, 0.000000), 0.084000
1, 1, (0.192157, 0.164706, 0.160784, 1.000000), 0, (-1.772000, -0.878000, 0.000000), (0.251632, 0.245048, 0.000000), (0.000000, 0.000000, 0.000000), 0.084000
2, 1, (0.192157, 0.164706, 0.160784, 1.000000), 0, (-1.757067, -0.842000, 0.000000), (-0.133727, 0.106674, 0.000000), (0.000000, 0.000000, 0.000000), 0.084000
3, 1, (0.192157, 0.164706, 0.160784, 1.000000), 0, (-1.727200, -0.804000, 0.000000), (0.204838, 0.453773, 0.000000), (0.000000, 0.000000, 0.000000), 0.084000
4, 1, (0.192157, 0.164706, 0.160784, 1.000000), 0, (-1.699200, -0.758000, 0.000000), (0.485746, -0.485517, 0.000000), (0.000000, 0.000000, 0.000000), 0.084000
5, 1, (0.192157, 0.164706, 0.160784, 1.000000), 0, (-1.661867, -0.692000, 0.000000), (0.765983, 0.263455, 0.000000), (0.000000, 0.000000, 0.000000), 0.084000
6, 1, (0.192157, 0.164706, 0.160784, 1.000000), 0, (-1.604000, -0.590000, 0.000000), (-0.278053, -0.265945, 0.000000), (0.000000, 0.000000, 0.000000), 0.084000
7, 1, (0.192157, 0.164706, 0.160784, 1.000000), 0, (-1.583467, -0.470000, 0.000000), (0.333890, 0.953179, 0.000000), (0.000000, 0.000000, 0.000000), 0.084000
8, 1, (0.192157, 0.164706, 0.160784, 1.000000), 0, (-1.566667, -0.408000, 0.000000), (-0.160892, 0.867149, 0.000000), (0.000000, 0.000000, 0.000000), 0.084000
9, 1, (0.192157, 0.164706, 0.160784, 1.000000), 0, (-1.555467, -0.388000, 0.000000), (0.010581, -0.840902, 0.000000), (0.000000, 0.000000, 0.000000), 0.084000
10, 1, (0.192157, 0.164706, 0.160784, 1.000000), 0, (-1.546133, -0.348000, 0.000000), (-0.462125, -0.156220, 0.000000), (0.000000, 0.000000, 0.000000), 0.084000
11, 1, (0.192157, 0.164706, 0.160784, 1.000000), 0, (-1.542400, -0.280000, 0.000000), (0.559324, -0.649524, 0.000000), (0.000000, 0.000000, 0.000000), 0.084000
12, 1, (0.192157, 0.164706, 0.160784, 1.000000), 0, (-1.536800, -0.224000, 0.000000), (0.792530, -0.466029, 0.000000), (0.000000, 0.000000, 0.000000), 0.084000
13, 1, (0.192157, 0.164706, 0.160784, 1.000000), 0, (-1.727200, -0.928000, 0.000000), (-0.790732, -0.177135, 0.000000), (0.000000, 0.000000, 0.000000), 0.084000
14, 1, (0.192157, 0.164706, 0.160784, 1.000000), 0, (-1.704800, -0.926000, 0.000000), (0.733106, -0.417855, 0.000000), (0.000000, 0.000000, 0.000000), 0.084000
15, 1, (0.192157, 0.164706, 0.160784, 1.000000), 0, (-1.648800, -0.936000, 0.000000), (-0.910014, -0.338114, 0.000000), (0.000000, 0.000000, 0.000000), 0.084000
16, 1, (0.192157, 0.164706, 0.160784, 1.000000), 0, (-1.626400, -0.938000, 0.000000), (-0.387792, 0.341618, 0.000000), (0.000000, 0.000000, 0.000000), 0.084000
17, 1, (0.192157, 0.164706, 0.160784, 1.000000), 0, (-1.566667, -0.938000, 0.000000), (0.906935, 0.478481, 0.000000), (0.000000, 0.000000, 0.000000), 0.084000
18, 1, (0.192157, 0.164706, 0.160784, 1.000000), 0, (-1.540533, -0.938000, 0.000000), (-0.551708, 0.111773, 0.000000), (0.000000, 0.000000, 0.000000), 0.084000
19, 1, (0.192157, 0.164706, 0.160784, 1.000000), 0, (-1.484533, -0.954000, 0.000000), (-0.067746, 0.934038, 0.000000), (0.000000, 0.000000, 0.000000), 0.084000
20, 1, (0.192157, 0.164706, 0.160784, 1.000000), 0, (-1.473333, -0.960000, 0.000000), (0.626256, -0.301763, 0.000000), (0.000000, 0.000000, 0.000000), 0.084000
21, 1, (0.192157, 0.164706, 0.160784, 1.000000), 0, (-1.430400, -0.972000, 0.000000), (0.197492, -0.651797, 0.000000), (0.000000, 0.000000, 0.000000), 0.084000
22, 1, (0.192157, 0.164706, 0.160784, 1.000000), 0, (-1.396800, -0.980000, 0.000000), (0.432292, -0.468618, 0.000000), (0.000000, 0.000000, 0.000000), 0.084000
23, 1, (0.192157, 0.164706, 0.160784, 1.000000), 0, (-1.353867, -0.980000, 0.000000), (-0.698618, -0.728601, 0.000000), (0.000000, 0.000000, 0.000000), 0.084000
24, 1, (0.192157, 0.164706, 0.160784, 1.000000), 0, (-1.327733, -0.980000, 0.000000), (-0.601469, 0.311963, 0.000000), (0.000000, 0.000000, 0.000000), 0.084000
25, 1, (0.192157, 0.164706, 0.160784, 1.000000), 0, (-1.294133, -0.976000, 0.000000), (-0.569503, -0.063594, 0.000000), (0.000000, 0.000000, 0.000000), 0.084000
26, 1, (0.192157, 0.164706, 0.160784, 1.000000), 0, (-1.268000, -0.976000, 0.000000), (-0.844257, 0.989821, 0.000000), (0.000000, 0.000000, 0.000000), 0.084000
27, 1, (0.192157, 0.164706, 0.160784, 1.000000), 0, (-1.230667, -0.970000, 0.000000), (0.286881, 0.948273, 0.000000), (0.000000, 0.000000, 0.000000), 0.084000
28, 1, (0.192157, 0.164706, 0.160784, 1.000000), 0, (-1.193333, -0.966000, 0.000000), (-0.476208, 0.496149, 0.000000), (0.000000, 0.000000, 0.000000), 0.084000
29, 1, (0.192157, 0.164706, 0.160784, 1.000000), 0, (-1.126133, -0.966000, 0.000000), (-0.228861, -0.743102, 0.000000), (0.000000, 0.000000, 0.000000), 0.084000
30, 1, (0.192157, 0.164706, 0.160784, 1.000000), 0, (-1.077600, -0.974000, 0.000000), (-0.921706, -0.138875, 0.000000), (0.000000, 0.000000, 0.000000), 0.084000
31, 1, (0.192157, 0.164706, 0.160784, 1.000000), 0, (-1.060800, -0.950000, 0.000000), (-0.081216, -0.309498, 0.000000), (0.000000, 0.000000, 0.000000), 0.084000
32, 1, (0.192157, 0.164706, 0.160784, 1.000000), 0, (-1.036533, -0.890000, 0.000000), (-0.797257, -0.174281, 0.000000), (0.000000, 0.000000, 0.000000), 0.084000
33, 1, (0.192157, 0.164706, 0.160784, 1.000000), 0, (-1.029067, -0.852000, 0.000000), (-0.831017, -0.348966, 0.000000), (0.000000, 0.000000, 0.000000), 0.084000
34, 1, (0.192157, 0.164706, 0.160784, 1.000000), 0, (-1.017867, -0.792000, 0.000000), (0.937492, 0.101237, 0.000000), (0.000000, 0.000000, 0.000000), 0.084000
35, 1, (0.192157, 0.164706, 0.160784, 1.000000), 0, (-1.010400, -0.732000, 0.000000), (-0.414928, 0.563748, 0.000000), (0.000000, 0.000000, 0.000000), 0.084000
36, 1, (0.192157, 0.164706, 0.160784, 1.000000), 0, (-1.012267, -0.690000, 0.000000), (0.799473, 0.782564, 0.000000), (0.000000, 0.000000, 0.000000), 0.084000
37, 1, (0.192157, 0.164706, 0.160784, 1.000000), 0, (-1.017867, -0.622000, 0.000000), (0.911951, 0.231765, 0.000000), (0.000000, 0.000000, 0.000000), 0.084000
38, 1, (0.192157, 0.164706, 0.160784, 1.000000), 0, (-1.025333, -0.572000, 0.000000), (-0.686053, -0.786667, 0.000000), (0.000000, 0.000000, 0.000000), 0.084000
39, 1, (0.192157, 0.164706, 0.160784, 1.000000), 0, (-1.051467, -0.514000, 0.000000), (0.503164, -0.287522, 0.000000), (0.000000, 0.000000, 0.000000), 0.084000
40, 1, (0.192157, 0.164706, 0.160784, 1.000000), 0, (-1.072000, -0.472000, 0.000000), (0.525296, 0.933661, 0.000000), (0.000000, 0.000000, 0.000000), 0.084000
41, 1, (0.192157, 0.164706, 0.160784, 1.000000), 0, (-1.088800, -0.430000, 0.000000), (0.648883, 0.681039, 0.000000), (0.000000, 0.000000, 0.000000), 0.084000
42, 1, (0.192157, 0.164706, 0.160784, 1.000000), 0, (-1.092533, -0.374000, 0.000000), (0.923483, -0.064236, 0.000000), (0.000000, 0.000000, 0.000000), 0.084000
43, 1, (0.192157, 0.164706, 0.160784, 1.000000), 0, (-1.101867, -0.314000, 0.000000), (0.629313, -0.552725, 0.000000), (0.000000, 0.000000, 0.000000), 0.084000
44, 1, (0.192157, 0.164706, 0.160784, 1.000000), 0, (-1.105600, -0.266000, 0.000000), (-0.568086, -0.599548, 0.000000), (0.000000, 0.000000, 0.000000), 0.084000
45, 1, (0.192157, 0.164706, 0.160784, 1.000000), 0, (-1.105600, -0.266000, 0.000000), (-0.295827, -0.489792, 0.000000), (0.000000, 0.000000, 0.000000), 0.081000
46, 1, (0.192157, 0.164706, 0.160784, 1.000000), 0, (-1.092533, -0.196000, 0.000000), (0.261577, 0.622957, 0.000000), (0.000000, 0.000000, 0.000000), 0.046000
47, 1, (0.192157, 0.164706, 0.160784, 1.000000), 0, (-1.088800, -0.156000, 0.000000), (0.200710, 0.464319, 0.000000), (0.000000, 0.000000, 0.000000), 0.046000
48, 1, (0.192157, 0.164706, 0.160784, 1.000000), 0, (-1.088800, -0.122000, 0.000000), (-0.551324, 0.369693, 0.000000), (0.000000, 0.000000, 0.000000), 0.046000
49, 1, (0.192157, 0.164706, 0.160784, 1.000000), 0, (-1.068267, -0.086000, 0.000000), (-0.884647, -0.613832, 0.000000), (0.000000, 0.000000, 0.000000), 0.046000
50, 1, (0.192157, 0.164706, 0.160784, 1.000000), 0, (-1.055200, -0.042000, 0.000000), (-0.529071, -0.299575, 0.000000), (0.000000, 0.000000, 0.000000), 0.046000
51, 1, (0.192157, 0.164706, 0.160784, 1.000000), 0, (-1.053333, 0.002000, 0.000000), (0.949916, -0.729597, 0.000000), (0.000000, 0.000000, 0.000000), 0.046000
52, 1, (0.192157, 0.164706, 0.160784, 1.000000), 0, (-1.058933, 0.054000, 0.000000), (-0.517010, 0.861867, 0.000000), (0.000000, 0.000000, 0.000000), 0.046000
53, 1, (0.192157, 0.164706, 0.160784, 1.000000), 0, (-1.064533, 0.090000, 0.000000), (0.502167, -0.203064, 0.000000), (0.000000, 0.000000, 0.000000), 0.046000
54, 1, (0.192157, 0.164706, 0.160784, 1.000000), 0, (-1.066400, 0.150000, 0.000000), (-0.924800, 0.005332, 0.000000), (0.000000, 0.000000, 0.000000), 0.046000
55, 1, (0.192157, 0.164706, 0.160784, 1.000000), 0, (-1.057067, 0.208000, 0.000000), (0.509414, 0.600497, 0.000000), (0.000000, 0.000000, 0.000000), 0.046000
56, 1, (0.192157, 0.164706, 0.160784, 1.000000), 0, (-1.044000, 0.250000, 0.000000), (-0.061007, 0.158297, 0.000000), (0.000000, 0.000000, 0.000000), 0.046000
57, 1, (0.192157, 0.164706, 0.160784, 1.000000), 0, (-1.030933, 0.284000, 0.000000), (0.281536, -0.137525, 0.000000), (0.000000, 0.000000, 0.000000), 0.046000
58, 1, (0.192157, 0.164706, 0.160784, 1.000000), 0, (-1.574133, -0.154000, 0.000000), (-0.905939, -0.089151, 0.000000), (0.000000, 0.000000, 0.000000), 0.046000
59, 1, (0.192157, 0.164706, 0.160784, 1.000000), 0, (-1.589067, -0.092000, 0.000000), (0.309750, -0.474025, 0.000000), (0.000000, 0.000000, 0.000000), 0.046000
60, 1, (0.192157, 0.164706, 0.160784, 1.000000), 0, (-1.570400, -0.034000, 0.000000), (0.311301, -0.986077, 0.000000), (0.000000, 0.000000, 0.000000), 0.046000
61, 1, (0.192157, 0.164706, 0.160784, 1.000000), 0, (-1.525600, 0.030000, 0.000000), (0.036183, -0.427122, 0.000000), (0.000000, 0.000000, 0.000000), 0.046000
62, 1, (0.192157, 0.164706, 0.160784, 1.000000), 0, (-1.520000, 0.078000, 0.000000), (0.636880, -0.763107, 0.000000), (0.000000, 0.000000, 0.000000), 0.046000
63, 1, (0.192157, 0.164706, 0.160784, 1.000000), 0, (-1.549867, 0.140000, 0.000000), (-0.962803, -0.914443, 0.000000), (0.000000, 0.000000, 0.000000), 0.046000
64, 1, (0.192157, 0.164706, 0.160784, 1.000000), 0, (-1.568533, 0.186000, 0.000000), (0.606585, -0.847450, 0.000000), (0.000000, 0.000000, 0.000000), 0.046000
65, 1, (0.192157, 0.164706, 0.160784, 1.000000), 0, (-1.572267, 0.220000, 0.000000), (-0.528275, -0.922485, 0.000000), (0.000000, 0.000000, 0.000000), 0.046000
66, 1, (0.192157, 0.164706, 0.160784, 1.000000), 0, (-1.581600, 0.248000, 0.000000), (-0.147024, -0.578359, 0.000000), (0.000000, 0.000000, 0.000000), 0.046000
67, 1, (0.192157, 0.164706, 0.160784, 1.000000), 0, (-1.587200, 0.290000, 0.000000), (-0.652083, 0.335965, 0.000000), (0.000000, 0.000000, 0.000000), 0.046000
68, 1, (0.192157, 0.164706, 0.160784, 1.000000), 0, (-1.587200, 0.326000, 0.000000), (-0.716492, 0.850085, 0.000000), (0.000000, 0.000000, 0.000000), 0.046000
69, 1, (0.192157, 0.164706, 0.160784, 1.000000), 0, (-1.583467, 0.364000, 0.000000), (-0.867099, -0.641291, 0.000000), (0.000000, 0.000000, 0.000000), 0.046000
70, 1, (0.192157, 0.164706, 0.160784, 1.000000), 0, (-1.572267, 0.422000, 0.000000), (-0.144584, 0.642315, 0.000000), (0.000000, 0.000000, 0.000000), 0.046000
71, 1, (0.192157, 0.164706, 0.160784, 1.000000), 0, (-1.559200, 0.460000, 0.000000), (0.959205, 0.794409, 0.000000), (0.000000, 0.000000, 0.000000), 0.046000
72, 1, (0.192157, 0.164706, 0.160784, 1.000000), 0, (-1.536800, 0.492000, 0.000000), (-0.199388, 0.240741, 0.000000), (0.000000, 0.000000, 0.000000), 0.046000
73, 1, (0.192157, 0.164706, 0.160784, 1.000000), 0, (-1.514400, 0.514000, 0.000000), (-0.343115, -0.105326, 0.000000), (0.000000, 0.000000, 0.000000), 0.046000
74, 1, (0.192157, 0.164706, 0.160784, 1.000000), 0, (-1.493867, 0.558000, 0.000000), (-0.848410, 0.966635, 0.000000), (0.000000, 0.000000, 0.000000), 0.046000
75, 1, (0.192157, 0.164706, 0.160784, 1.000000), 0, (-1.512533, 0.506000, 0.000000), (0.420649, 0.462891, 0.000000), (0.000000, 0.000000, 0.000000), 0.046000
76, 1, (0.192157, 0.164706, 0.160784, 1.000000), 0, (-1.512533, 0.472000, 0.000000), (0.980557, -0.543168, 0.000000), (0.000000, 0.000000, 0.000000), 0.046000
77, 1, (0.192157, 0.164706, 0.160784, 1.000000), 0, (-1.508800, 0.434000, 0.000000), (-0.964231, 0.617438, 0.000000), (0.000000, 0.000000, 0.000000), 0.046000
78, 1, (0.192157, 0.164706, 0.160784, 1.000000), 0, (-1.499467, 0.410000, 0.000000), (-0.306275, -0.927034, 0.000000), (0.000000, 0.000000, 0.000000), 0.046000
79, 1, (0.192157, 0.164706, 0.160784, 1.000000), 0, (-1.493867, 0.372000, 0.000000), (0.702994, -0.699690, 0.000000), (0.000000, 0.000000, 0.000000), 0.046000
80, 1, (0.192157, 0.164706, 0.160784, 1.000000), 0, (-1.490133, 0.350000, 0.000000), (-0.774484, -0.825281, 0.000000), (0.000000, 0.000000, 0.000000), 0.046000
81, 1, (0.192157, 0.164706, 0.160784, 1.000000), 0, (-1.467733, 0.294000, 0.000000), (-0.622175, 0.078491, 0.000000), (0.000000, 0.000000, 0.000000), 0.046000
82, 1, (0.192157, 0.164706, 0.160784, 1.000000), 0, (-1.452800, 0.270000, 0.000000), (-0.403639, -0.274258, 0.000000), (0.000000, 0.000000, 0.000000), 0.046000
83, 1, (0.192157, 0.164706, 0.160784, 1.000000), 0, (-1.445333, 0.244000, 0.000000), (-0.585544, -0.120131, 0.000000), (0.000000, 0.000000, 0.000000), 0.046000
84, 1, (0.192157, 0.164706, 0.160784, 1.000000), 0, (-1.439733, 0.228000, 0.000000), (-0.424173, -0.452642, 0.000000), (0.000000, 0.000000, 0.000000), 0.046000
85, 1, (0.192157, 0.164706, 0.160784, 1.000000), 0, (-1.439733, 0.212000, 0.000000), (0.238578, 0.431243, 0.000000), (0.000000, 0.000000, 0.000000), 0.046000
86, 1, (0.192157, 0.164706, 0.160784, 1.000000), 0, (-1.415467, 0.160000, 0.000000), (-0.810327, 0.197783, 0.000000), (0.000000, 0.000000, 0.000000), 0.046000
87, 1, (0.192157, 0.164706, 0.160784, 1.000000), 0, (-1.409867, 0.128000, 0.000000), (0.225652, -0.009715, 0.000000), (0.000000, 0.000000, 0.000000), 0.046000
88, 1, (0.192157, 0.164706, 0.160784, 1.000000), 0, (-1.406133, 0.096000, 0.000000), (-0.561475, 0.882537, 0.000000), (0.000000, 0.000000, 0.000000), 0.046000
89, 1, (0.192157, 0.164706, 0.160784, 1.000000), 0, (-1.402400, 0.066000, 0.000000), (0.884959, -0.409885, 0.000000), (0.000000, 0.000000, 0.000000), 0.046000
90, 1, (0.192157, 0.164706, 0.160784, 1.000000), 0, (-1.398667, 0.034000, 0.000000), (0.849171, 0.305608, 0.000000), (0.000000, 0.000000, 0.000000), 0.046000
91, 1, (0.192157, 0.164706, 0.160784, 1.000000), 0, (-1.396800, 0.000000, 0.000000), (-0.946993, 0.829729, 0.000000), (0.000000, 0.000000, 0.000000), 0.046000
92, 1, (0.192157, 0.164706, 0.160784, 1.000000), 0, (-1.394933, -0.040000, 0.000000), (0.762439, -0.911225, 0.000000), (0.000000, 0.000000, 0.000000), 0.046000
93, 1, (0.192157, 0.164706, 0.160784, 1.000000), 0, (-1.408000, -0.108000, 0.000000), (0.447166, -0.543836, 0.000000), (0.000000, 0.000000, 0.000000), 0.046000
94, 1, (0.192157, 0.164706, 0.160784, 1.000000), 0, (-1.411733, -0.124000, 0.000000), (-0.838259, 0.150161, 0.000000), (0.000000, 0.000000, 0.000000), 0.046000
95, 1, (0.192157, 0.164706, 0.160784, 1.000000), 0, (-1.419200, -0.160000, 0.000000), (-0.243526, -0.612743, 0.000000), (0.000000, 0.000000, 0.000000), 0.046000
96, 1, (0.192157, 0.164706, 0.160784, 1.000000), 0, (-1.393067, 0.220000, 0.000000), (0.324880, 0.134299, 0.000000), (0.000000, 0.000000, 0.000000), 0.046000
97, 1, (0.192157, 0.164706, 0.160784, 1.000000), 0, (-1.370667, 0.252000, 0.000000), (0.465748, 0.921241, 0.000000), (0.000000, 0.000000, 0.000000), 0.046000
98, 1, (0.192157, 0.164706, 0.160784, 1.000000), 0, (-1.353867, 0.290000, 0.000000), (0.860041, 0.880205, 0.000000), (0.000000, 0.000000, 0.000000), 0.046000
99, 1, (0.192157, 0.164706, 0.160784, 1.000000), 0, (-1.342667, 0.346000, 0.000000), (-0.198890, -0.564133, 0.000000), (0.000000, 0.000000, 0.000000), 0.046000
100, 1, (0.192157, 0.164706, 0.160784, 1.000000), 0, (-1.335200, 0.388000, 0.000000), (-0.572438, -0.960312, 0.000000), (0.000000, 0.000000, 0.000000), 0.046000
101, 1, (0.192157, 0.164706, 0.160784, 1.000000), 0, (-1.335200, 0.428000, 0.000000), (0.867110, -0.382764, 0.000000), (0.000000, 0.000000, 0.000000), 0.046000
102, 1, (0.192157, 0.164706, 0.160784, 1.000000), 0, (-1.338933, 0.470000, 0.000000), (0.237471, 0.092762, 0.000000), (0.000000, 0.000000, 0.000000), 0.046000
103, 1, (0.192157, 0.164706, 0.160784, 1.000000), 0, (-1.340800, 0.494000, 0.000000), (0.607521, 0.675996, 0.000000), (0.000000, 0.000000, 0.000000), 0.046000
104, 1, (0.192157, 0.164706, 0.160784, 1.000000), 0, (-1.346400, 0.516000, 0.000000), (-0.024701, 0.492480, 0.000000), (0.000000, 0.000000, 0.000000), 0.046000
105, 1, (0.192157, 0.164706, 0.160784, 1.000000), 0, (-1.346400, 0.548000, 0.000000), (-0.733889, -0.175530, 0.000000), (0.000000, 0.000000, 0.000000), 0.046000
106, 1, (0.192157, 0.164706, 0.160784, 1.000000), 0, (-1.346400, 0.568000, 0.000000), (-0.201913, -0.680882, 0.000000), (0.000000, 0.000000, 0.000000), 0.046000
107, 1, (0.192157, 0.164706, 0.160784, 1.000000), 0, (-1.357600, 0.602000, 0.000000), (-0.345801, -0.439473, 0.000000), (0.000000, 0.000000, 0.000000), 0.046000
108, 1, (0.192157, 0.164706, 0.160784, 1.000000), 0, (-1.361333, 0.640000, 0.000000), (-0.592107, -0.898635, 0.000000), (0.000000, 0.000000, 0.000000), 0.046000
109, 1, (0.192157, 0.164706, 0.160784, 1.000000), 0, (-1.361333, 0.668000, 0.000000), (0.016691, -0.430366, 0.000000), (0.000000, 0.000000, 0.000000), 0.046000
110, 1, (0.192157, 0.164706, 0.160784, 1.000000), 0, (-1.338933, 0.704000, 0.000000), (0.251526, 0.773165, 0.000000), (0.000000, 0.000000, 0.000000), 0.046000
111, 1, (0.192157, 0.164706, 0.160784, 1.000000), 0, (-1.324000, 0.752000, 0.000000), (-0.043109, -0.423594, 0.000000), (0.000000, 0.000000, 0.000000), 0.046000
112, 1, (0.192157, 0.164706, 0.160784, 1.000000), 0, (-1.314667, 0.772000, 0.000000), (-0.092537, -0.577361, 0.000000), (0.000000, 0.000000, 0.000000), 0.046000
113, 1, (0.192157, 0.164706, 0.160784, 1.000000), 0, (-1.307200, 0.730000, 0.000000), (-0.502353, -0.232496, 0.000000), (0.000000, 0.000000, 0.000000), 0.040000
114, 1, (0.192157, 0.164706, 0.160784, 1.000000), 0, (-1.310933, 0.688000, 0.000000), (-0.697157, 0.298756, 0.000000), (0.000000, 0.000000, 0.000000), 0.040000
115, 1, (0.192157, 0.164706, 0.160784, 1.000000), 0, (-1.309067, 0.674000, 0.000000), (0.203372, -0.269594, 0.000000), (0.000000, 0.000000, 0.000000), 0.040000
116, 1, (0.192157, 0.164706, 0.160784, 1.000000), 0, (-1.303467, 0.634000, 0.000000), (0.338444, 0.070482, 0.000000), (0.000000, 0.000000, 0.000000), 0.040000
117, 1, (0.192157, 0.164706, 0.160784, 1.000000), 0, (-1.303467, 0.608000, 0.000000), (0.347641, -0.424085, 0.000000), (0.000000, 0.000000, 0.000000), 0.040000
118, 1, (0.192157, 0.164706, 0.160784, 1.000000), 0, (-1.303467, 0.608000, 0.000000), (-0.836756, -0.044838, 0.000000), (0.000000, 0.000000, 0.000000), 0.040000
119, 1, (0.192157, 0.164706, 0.160784, 1.000000), 0, (-1.303467, 0.586000, 0.000000), (-0.748089, 0.138543, 0.000000), (0.000000, 0.000000, 0.000000), 0.040000
120, 1, (0.192157, 0.164706, 0.160784, 1.000000), 0, (-1.290400, 0.556000, 0.000000), (-0.552358, -0.481978, 0.000000), (0.000000, 0.000000, 0.000000), 0.040000
121, 1, (0.192157, 0.164706, 0.160784, 1.000000), 0, (-1.281067, 0.502000, 0.000000), (0.963014, 0.245730, 0.000000), (0.000000, 0.000000, 0.000000), 0.040000
122, 1, (0.192157, 0.164706, 0.160784, 1.000000), 0, (-1.277333, 0.478000, 0.000000), (-0.162860, -0.382787, 0.000000), (0.000000, 0.000000, 0.000000), 0.040000
123, 1, (0.156863, 0.156863, 0.149020, 1.000000), 0, (-1.266133, 0.468000, 0.000000), (0.806256, 0.245033, 0.000000), (0.000000, 0.000000, 0.000000), 0.040000
124, 1, (0.156863, 0.156863, 0.149020, 1.000000), 0, (-1.238133, 0.508000, 0.000000), (-0.281422, -0.177053, 0.000000), (0.000000, 0.000000, 0.000000), 0.040000
125, 1, (0.156863, 0.156863, 0.149020, 1.000000), 0, (-1.225067, 0.544000, 0.000000), (0.814667, 0.970104, 0.000000), (0.000000, 0.000000, 0.000000), 0.040000
126, 1, (0.156863, 0.156863, 0.149020, 1.000000), 0, (-1.217600, 0.578000, 0.000000), (-0.403888, -0.228442, 0.000000), (0.000000, 0.000000, 0.000000), 0.040000
127, 1, (0.156863, 0.156863, 0.149020, 1.000000), 0, (-1.208267, 0.630000, 0.000000), (-0.453490, 0.503576, 0.000000), (0.000000, 0.000000, 0.000000), 0.040000
128, 1, (0.156863, 0.156863, 0.149020, 1.000000), 0, (-1.200800, 0.680000, 0.000000), (0.194197, 0.044156, 0.000000), (0.000000, 0.000000, 0.000000), 0.040000
129, 1, (0.156863, 0.156863, 0.149020, 1.000000), 0, (-1.185867, 0.734000, 0.000000), (-0.728920, 0.497040, 0.000000), (0.000000, 0.000000, 0.000000), 0.040000
130, 1, (0.156863, 0.156863, 0.149020, 1.000000), 0, (-1.170933, 0.778000, 0.000000), (-0.657087, 0.474451, 0.000000), (0.000000, 0.000000, 0.000000), 0.040000
131, 1, (0.156863, 0.156863, 0.149020, 1.000000), 0, (-1.150400, 0.826000, 0.000000), (-0.772554, 0.681357, 0.000000), (0.000000, 0.000000, 0.000000), 0.040000
132, 1, (0.156863, 0.156863, 0.149020, 1.000000), 0, (-1.124267, 0.872000, 0.000000), (-0.455067, 0.575087, 0.000000), (0.000000, 0.000000, 0.000000), 0.040000
133, 1, (0.156863, 0.156863, 0.149020, 1.000000), 0, (-1.088800, 0.926000, 0.000000), (-0.742728, -0.291822, 0.000000), (0.000000, 0.000000, 0.000000), 0.040000
134, 1, (0.156863, 0.156863, 0.149020, 1.000000), 0, (-1.096267, 0.882000, 0.000000), (-0.469750, -0.490817, 0.000000), (0.000000, 0.000000, 0.000000), 0.040000
135, 1, (0.156863, 0.156863, 0.149020, 1.000000), 0, (-1.109333, 0.844000, 0.000000), (0.846721, -0.022108, 0.000000), (0.000000, 0.000000, 0.000000), 0.040000
136, 1, (0.156863, 0.156863, 0.149020, 1.000000), 0, (-1.114933, 0.808000, 0.000000), (0.027205, 0.809735, 0.000000), (0.000000, 0.000000, 0.000000), 0.040000
137, 1, (0.156863, 0.156863, 0.149020, 1.000000), 0, (-1.118667, 0.762000, 0.000000), (-0.776379, 0.864345, 0.000000), (0.000000, 0.000000, 0.000000), 0.040000
138, 1, (0.156863, 0.156863, 0.149020, 1.000000), 0, (-1.118667, 0.750000, 0.000000), (-0.573053, -0.970122, 0.000000), (0.000000, 0.000000, 0.000000), 0.040000
139, 1, (0.156863, 0.156863, 0.149020, 1.000000), 0, (-1.122400, 0.712000, 0.000000), (0.109378, 0.145525, 0.000000), (0.000000, 0.000000, 0.000000), 0.040000
140, 1, (0.156863, 0.156863, 0.149020, 1.000000), 0, (-1.126133, 0.682000, 0.000000), (-0.147175, -0.075954, 0.000000), (0.000000, 0.000000, 0.000000), 0.040000
141, 1, (0.156863, 0.156863, 0.149020, 1.000000), 0, (-1.129867, 0.618000, 0.000000), (0.115629, 0.448937, 0.000000), (0.000000, 0.000000, 0.000000), 0.040000
142, 1, (0.156863, 0.156863, 0.149020, 1.000000), 0, (-1.150400, 0.528000, 0.000000), (0.695604, 0.662138, 0.000000), (0.000000, 0.000000, 0.000000), 0.040000
143, 1, (0.156863, 0.156863, 0.149020, 1.000000), 0, (-1.131733, 0.552000, 0.000000), (-0.047487, -0.110199, 0.000000), (0.000000, 0.000000, 0.000000), 0.040000
144, 1, (0.156863, 0.156863, 0.149020, 1.000000), 0, (-1.120533, 0.570000, 0.000000), (-0.293705, 0.223593, 0.000000), (0.000000, 0.000000, 0.000000), 0.040000
145, 1, (0.156863, 0.156863, 0.149020, 1.000000), 0, (-1.111200, 0.590000, 0.000000), (-0.613159, 0.049208, 0.000000), (0.000000, 0.000000, 0.000000), 0.040000
146, 1, (0.156863, 0.156863, 0.149020, 1.000000), 0, (-1.085067, 0.622000, 0.000000), (-0.301956, -0.385713, 0.000000), (0.000000, 0.000000, 0.000000), 0.040000
147, 1, (0.156863, 0.156863, 0.149020, 1.000000), 0, (-1.064533, 0.654000, 0.000000), (-0.269435, 0.242978, 0.000000), (0.000000, 0.000000, 0.000000), 0.040000
148, 1, (0.156863, 0.156863, 0.149020, 1.000000), 0, (-1.042133, 0.676000, 0.000000), (-0.810625, -0.012163, 0.000000), (0.000000, 0.000000, 0.000000), 0.040000
149, 1, (0.156863, 0.156863, 0.149020, 1.000000), 0, (-1.023467, 0.704000, 0.000000), (0.951155, -0.280376, 0.000000), (0.000000, 0.000000, 0.000000), 0.040000
150, 1, (0.156863, 0.156863, 0.149020, 1.000000), 0, (-0.999200, 0.740000, 0.000000), (0.497020, 0.797876, 0.000000), (0.000000, 0.000000, 0.000000), 0.040000
151, 1, (0.156863, 0.156863, 0.149020, 1.000000), 0, (-0.989867, 0.756000, 0.000000), (0.697516, -0.475775, 0.000000), (0.000000, 0.000000, 0.000000), 0.040000
152, 1, (0.156863, 0.156863, 0.149020, 1.000000), 0, (-0.997333, 0.700000, 0.000000), (0.607611, 0.921137, 0.000000), (0.000000, 0.000000, 0.000000), 0.040000
153, 1, (0.156863, 0.156863, 0.149020, 1.000000), 0, (-1.002933, 0.652000, 0.000000), (-0.611430, -0.965442, 0.000000), (0.000000, 0.000000, 0.000000), 0.040000
154, 1, (0.156863, 0.156863, 0.149020, 1.000000), 0, (-1.010400, 0.612000, 0.000000), (0.951015, 0.497949, 0.000000), (0.000000, 0.000000, 0.000000), 0.040000
155, 1, (0.156863, 0.156863, 0.149020, 1.000000), 0, (-1.014133, 0.574000, 0.000000), (0.180083, -0.196160, 0.000000), (0.000000, 0.000000, 0.000000), 0.040000
156, 1, (0.156863, 0.156863, 0.149020, 1.000000), 0, (-1.023467, 0.540000, 0.000000), (-0.578006, -0.704288, 0.000000), (0.000000, 0.000000, 0.000000), 0.040000
157, 1, (0.156863, 0.156863, 0.149020, 1.000000), 0, (-1.032800, 0.520000, 0.000000), (-0.747222, -0.882402, 0.000000), (0.000000, 0.000000, 0.000000), 0.040000
158, 1, (0.156863, 0.156863, 0.149020, 1.000000), 0, (-1.040267, 0.486000, 0.000000), (0.957850, 0.205291, 0.000000), (0.000000, 0.000000, 0.000000), 0.040000
159, 1, (0.156863, 0.156863, 0.149020, 1.000000), 0, (-1.017867, 0.308000, 0.000000), (0.007399, -0.335855, 0.000000), (0.000000, 0.000000, 0.000000), 0.040000
160, 1, (0.156863, 0.156863, 0.149020, 1.000000), 0, (-0.995467, 0.358000, 0.000000), (-0.571116, 0.394240, 0.000000), (0.000000, 0.000000, 0.000000), 0.040000
161, 1, (0.156863, 0.156863, 0.149020, 1.000000), 0, (-0.971200, 0.418000, 0.000000), (0.713353, 0.126928, 0.000000), (0.000000, 0.000000, 0.000000), 0.040000
162, 1, (0.156863, 0.156863, 0.149020, 1.000000), 0, (-0.943200, 0.458000, 0.000000), (-0.991473, -0.556083, 0.000000), (0.000000, 0.000000, 0.000000), 0.040000
163, 1, (0.156863, 0.156863, 0.149020, 1.000000), 0, (-0.913333, 0.506000, 0.000000), (-0.630094, -0.802098, 0.000000), (0.000000, 0.000000, 0.000000), 0.040000
164, 1, (0.156863, 0.156863, 0.149020, 1.000000), 0, (-0.885333, 0.560000, 0.000000), (0.431754, -0.678939, 0.000000), (0.000000, 0.000000, 0.000000), 0.040000
165, 1, (0.156863, 0.156863, 0.149020, 1.000000), 0, (-0.915200, 0.518000, 0.000000), (-0.082474, -0.071227, 0.000000), (0.000000, 0.000000, 0.000000), 0.040000
166, 1, (0.156863, 0.156863, 0.149020, 1.000000), 0, (-0.943200, 0.488000, 0.000000), (-0.881063, -0.384958, 0.000000), (0.000000, 0.000000, 0.000000), 0.040000
167, 1, (0.156863, 0.156863, 0.149020, 1.000000), 0, (-0.960000, 0.464000, 0.000000), (0.452998, 0.726548, 0.000000), (0.000000, 0.000000, 0.000000), 0.040000
168, 1, (0.156863, 0.156863, 0.149020, 1.000000), 0, (-0.973067, 0.446000, 0.000000), (-0.463821, 0.841568, 0.000000), (0.000000, 0.000000, 0.000000), 0.040000
169, 1, (0.156863, 0.156863, 0.149020, 1.000000), 0, (-1.004800, 0.400000, 0.000000), (0.761106, -0.512806, 0.000000), (0.000000, 0.000000, 0.000000), 0.040000
170, 1, (0.156863, 0.156863, 0.149020, 1.000000), 0, (-1.021600, 0.374000, 0.000000), (0.339517, -0.058811, 0.000000), (0.000000, 0.000000, 0.000000), 0.040000
171, 1, (0.156863, 0.156863, 0.149020, 1.000000), 0, (-1.538667, -0.832000, 0.000000), (0.291035, 0.761511, 0.000000), (0.000000, 0.000000, 0.000000), 0.125000
172, 1, (0.156863, 0.156863, 0.149020, 1.000000), 0, (-1.473333, -0.838000, 0.000000), (0.236901, 0.543812, 0.000000), (0.000000, 0.000000, 0.000000), 0.125000
173, 1, (0.156863, 0.156863, 0.149020, 1.000000), 0, (-1.419200, -0.838000, 0.000000), (0.879109, 0.194751, 0.000000), (0.000000, 0.000000, 0.000000), 0.125000
174, 1, (0.156863, 0.156863, 0.149020, 1.000000), 0, (-1.376267, -0.838000, 0.000000), (-0.250897, -0.113492, 0.000000), (0.000000, 0.000000, 0.000000), 0.125000
175, 1, (0.156863, 0.156863, 0.149020, 1.000000), 0, (-1.312800, -0.842000, 0.000000), (0.858897, 0.177987, 0.000000), (0.000000, 0.000000, 0.000000), 0.125000
176, 1, (0.156863, 0.156863, 0.149020, 1.000000), 0, (-1.258667, -0.842000, 0.000000), (-0.719252, 0.572250, 0.000000), (0.000000, 0.000000, 0.000000), 0.125000
177, 1, (0.156863, 0.156863, 0.149020, 1.000000), 0, (-1.195200, -0.842000, 0.000000), (-0.695085, -0.710725, 0.000000), (0.000000, 0.000000, 0.000000), 0.125000
178, 1, (0.156863, 0.156863, 0.149020, 1.000000), 0, (-1.126133, -0.764000, 0.000000), (-0.983833, -0.325180, 0.000000), (0.000000, 0.000000, 0.000000), 0.125000
179, 1, (0.156863, 0.156863, 0.149020, 1.000000), 0, (-1.178400, -0.736000, 0.000000), (-0.512823, 0.447921, 0.000000), (0.000000, 0.000000, 0.000000), 0.125000
180, 1, (0.156863, 0.156863, 0.149020, 1.000000), 0, (-1.249333, -0.736000, 0.000000), (-0.004119, 0.404702, 0.000000), (0.000000, 0.000000, 0.000000), 0.125000
181, 1, (0.156863, 0.156863, 0.149020, 1.000000), 0, (-1.329600, -0.732000, 0.000000), (-0.623306, 0.114818, 0.000000), (0.000000, 0.000000, 0.000000), 0.125000
182, 1, (0.156863, 0.156863, 0.149020, 1.000000), 0, (-1.394933, -0.722000, 0.000000), (-0.980256, 0.829692, 0.000000), (0.000000, 0.000000, 0.000000), 0.125000
183, 1, (0.156863, 0.156863, 0.149020, 1.000000), 0, (-1.523733, -0.710000, 0.000000), (-0.158634, -0.444076, 0.000000), (0.000000, 0.000000, 0.000000), 0.125000
184, 1, (0.156863, 0.156863, 0.149020, 1.000000), 0, (-1.512533, -0.602000, 0.000000), (0.671261, -0.397528, 0.000000), (0.000000, 0.000000, 0.000000), 0.125000
185, 1, (0.156863, 0.156863, 0.149020, 1.000000), 0, (-1.434133, -0.592000, 0.000000), (0.043118, 0.010777, 0.000000), (0.000000, 0.000000, 0.000000), 0.125000
186, 1, (0.156863, 0.156863, 0.149020, 1.000000), 0, (-1.361333, -0.604000, 0.000000), (0.543662, -0.665847, 0.000000), (0.000000, 0.000000, 0.000000), 0.125000
187, 1, (0.156863, 0.156863, 0.149020, 1.000000), 0, (-1.271733, -0.604000, 0.000000), (-0.227712, -0.219437, 0.000000), (0.000000, 0.000000, 0.000000), 0.125000
188, 1, (0.156863, 0.156863, 0.149020, 1.000000), 0, (-1.129867, -0.598000, 0.000000), (0.877965, -0.348602, 0.000000), (0.000000, 0.000000, 0.000000), 0.125000
189, 1, (0.156863, 0.156863, 0.149020, 1.000000), 0, (-1.131733, -0.482000, 0.000000), (0.975314, -0.372932, 0.000000), (0.000000, 0.000000, 0.000000), 0.125000
190, 1, (0.156863, 0.156863, 0.149020, 1.000000), 0, (-1.208267, -0.496000, 0.000000), (0.537905, 0.834211, 0.000000), (0.000000, 0.000000, 0.000000), 0.125000
191, 1, (0.156863, 0.156863, 0.149020, 1.000000), 0, (-1.309067, -0.484000, 0.000000), (0.805055, 0.818653, 0.000000), (0.000000, 0.000000, 0.000000), 0.125000
192, 1, (0.156863, 0.156863, 0.149020, 1.000000), 0, (-1.437867, -0.460000, 0.000000), (0.406460, -0.890030, 0.000000), (0.000000, 0.000000, 0.000000), 0.125000
193, 1, (0.156863, 0.156863, 0.149020, 1.000000), 0, (-1.439733, -0.346000, 0.000000), (-0.892072, 0.422627, 0.000000), (0.000000, 0.000000, 0.000000), 0.125000
194, 1, (0.156863, 0.156863, 0.149020, 1.000000), 0, (-1.325867, -0.348000, 0.000000), (-0.215210, -0.404895, 0.000000), (0.000000, 0.000000, 0.000000), 0.125000
195, 1, (0.156863, 0.156863, 0.149020, 1.000000), 0, (-1.236267, -0.354000, 0.000000), (-0.129452, 0.780671, 0.000000), (0.000000, 0.000000, 0.000000), 0.125000
196, 1, (0.156863, 0.156863, 0.149020, 1.000000), 0, (-1.193333, -0.218000, 0.000000), (0.999807, 0.247242, 0.000000), (0.000000, 0.000000, 0.000000), 0.125000
197, 1, (0.156863, 0.156863, 0.149020, 1.000000), 0, (-1.361333, -0.200000, 0.000000), (-0.104511, -0.980448, 0.000000), (0.000000, 0.000000, 0.000000), 0.125000
198, 1, (0.156863, 0.156863, 0.149020, 1.000000), 0, (-1.419200, -0.168000, 0.000000), (0.076935, 0.736855, 0.000000), (0.000000, 0.000000, 0.000000), 0.125000
199, 1, (0.156863, 0.156863, 0.149020, 1.000000), 0, (-1.437867, -0.104000, 0.000000), (-0.424525, -0.251805, 0.000000), (0.000000, 0.000000, 0.000000), 0.125000
200, 1, (0.156863, 0.156863, 0.149020, 1.000000), 0, (-1.340800, -0.058000, 0.000000), (-0.660672, 0.618594, 0.000000), (0.000000, 0.000000, 0.000000), 0.125000
201, 1, (0.156863, 0.156863, 0.149020, 1.000000), 0, (-1.174667, -0.030000, 0.000000), (0.758973, 0.882990, 0.000000), (0.000000, 0.000000, 0.000000), 0.125000
202, 1, (0.156863, 0.156863, 0.149020, 1.000000), 0, (-1.152267, 0.046000, 0.000000), (0.952747, -0.468739, 0.000000), (0.000000, 0.000000, 0.000000), 0.125000
203, 1, (0.156863, 0.156863, 0.149020, 1.000000), 0, (-1.133600, 0.236000, 0.000000), (-0.336448, 0.830712, 0.000000), (0.000000, 0.000000, 0.000000), 0.125000
204, 1, (0.156863, 0.156863, 0.149020, 1.000000), 0, (-1.141067, 0.358000, 0.000000), (0.182659, -0.361133, 0.000000), (0.000000, 0.000000, 0.000000), 0.125000
205, 1, (0.156863, 0.156863, 0.149020, 1.000000), 0, (-1.234400, 0.352000, 0.000000), (-0.542220, -0.279436, 0.000000), (0.000000, 0.000000, 0.000000), 0.125000
206, 1, (0.156863, 0.156863, 0.149020, 1.000000), 0, (-1.243733, 0.250000, 0.000000), (-0.526923, -0.737165, 0.000000), (0.000000, 0.000000, 0.000000), 0.125000
207, 1, (0.156863, 0.156863, 0.149020, 1.000000), 0, (-1.279200, 0.126000, 0.000000), (-0.460782, 0.879538, 0.000000), (0.000000, 0.000000, 0.000000), 0.125000
208, 1, (0.156863, 0.156863, 0.149020, 1.000000), 0, (-1.372533, 0.018000, 0.000000), (-0.627195, -0.352854, 0.000000), (0.000000, 0.000000, 0.000000), 0.125000
209, 1, (0.156863, 0.156863, 0.149020, 1.000000), 0, (-1.462133, 0.118000, 0.000000), (0.302165, 0.157595, 0.000000), (0.000000, 0.000000, 0.000000), 0.087000
210, 1, (0.156863, 0.156863, 0.149020, 1.000000), 0, (-1.478933, 0.184000, 0.000000), (0.242251, -0.827287, 0.000000), (0.000000, 0.000000, 0.000000), 0.087000
211, 1, (0.156863, 0.156863, 0.149020, 1.000000), 0, (-1.503200, 0.262000, 0.000000), (-0.061734, 0.242058, 0.000000), (0.000000, 0.000000, 0.000000), 0.087000
212, 1, (0.156863, 0.156863, 0.149020, 1.000000), 0, (-1.527467, 0.364000, 0.000000), (0.419955, 0.833755, 0.000000), (0.000000, 0.000000, 0.000000), 0.076000
213, 1, (0.156863, 0.156863, 0.149020, 1.000000), 0, (-1.096267, 0.480000, 0.000000), (0.261610, -0.503111, 0.000000), (0.000000, 0.000000, 0.000000), 0.076000
214, 1, (0.156863, 0.156863, 0.149020, 1.000000), 0, (-1.062667, 0.572000, 0.000000), (0.570611, 0.837086, 0.000000), (0.000000, 0.000000, 0.000000), 0.076000
215, 1, (0.156863, 0.156863, 0.149020, 1.000000), 0, (-1.182133, 0.502000, 0.000000), (0.245085, 0.909938, 0.000000), (0.000000, 0.000000, 0.000000), 0.076000
216, 1, (0.156863, 0.156863, 0.149020, 1.000000), 0, (-1.174667, 0.594000, 0.000000), (0.455679, 0.004058, 0.000000), (0.000000, 0.000000, 0.000000), 0.068000
217, 1, (0.156863, 0.156863, 0.149020, 1.000000), 0, (-1.161600, 0.654000, 0.000000), (0.792928, 0.408426, 0.000000), (0.000000, 0.000000, 0.000000), 0.068000
218, 1, (0.156863, 0.156863, 0.149020, 1.000000), 0, (-1.305333, 0.468000, 0.000000), (0.535319, -0.543520, 0.000000), (0.000000, 0.000000, 0.000000), 0.068000
219, 1, (0.156863, 0.156863, 0.149020, 1.000000), 0, (-1.305333, 0.496000, 0.000000), (0.239137, -0.282022, 0.000000), (0.000000, 0.000000, 0.000000), 0.068000
220, 1, (0.156863, 0.156863, 0.149020, 1.000000), 0, (-1.486400, 0.582000, 0.000000), (0.095347, 0.696918, 0.000000), (0.000000, 0.000000, 0.000000), 0.028000
221, 1, (0.156863, 0.156863, 0.149020, 1.000000), 0, (-1.478933, 0.592000, 0.000000), (0.438542, 0.568424, 0.000000), (0.000000, 0.000000, 0.000000), 0.028000
222, 1, (0.156863, 0.156863, 0.149020, 1.000000), 0, (-1.473333, 0.610000, 0.000000), (0.959753, 0.977760, 0.000000), (0.000000, 0.000000, 0.000000), 0.022000
223, 1, (0.156863, 0.156863, 0.149020, 1.000000), 0, (-1.465867, 0.622000, 0.000000), (0.447962, -0.667442, 0.000000), (0.000000, 0.000000, 0.000000), 0.015000
224, 1, (0.156863, 0.156863, 0.149020, 1.000000), 0, (-1.458400, 0.634000, 0.000000), (-0.375094, -0.249873, 0.000000), (0.000000, 0.000000, 0.000000), 0.010000
225, 1, (0.156863, 0.156863, 0.149020, 1.000000), 0, (-1.309067, 0.800000, 0.000000), (0.490153, 0.867157, 0.000000), (0.000000, 0.000000, 0.000000), 0.035000
226, 1, (0.156863, 0.156863, 0.149020, 1.000000), 0, (-1.301600, 0.826000, 0.000000), (-0.077160, -0.571581, 0.000000), (0.000000, 0.000000, 0.000000), 0.024000
227, 1, (0.156863, 0.156863, 0.149020, 1.000000), 0, (-1.296000, 0.842000, 0.000000), (0.109215, -0.657206, 0.000000), (0.000000, 0.000000, 0.000000), 0.017000
228, 1, (0.156863, 0.156863, 0.149020, 1.000000), 0, (-1.292267, 0.852000, 0.000000), (-0.737826, -0.629175, 0.000000), (0.000000, 0.000000, 0.000000), 0.012000
229, 1, (0.156863, 0.156863, 0.149020, 1.000000), 0, (-1.081333, 0.954000, 0.000000), (-0.160316, 0.832785, 0.000000), (0.000000, 0.000000, 0.000000), 0.020000
230, 1, (0.156863, 0.156863, 0.149020, 1.000000), 0, (-1.075733, 0.954000, 0.000000), (-0.792089, -0.915231, 0.000000), (0.000000, 0.000000, 0.000000), 0.020000
231, 1, (0.156863, 0.156863, 0.149020, 1.000000), 0, (-1.073867, 0.966000, 0.000000), (0.742724, 0.663590, 0.000000), (0.000000, 0.000000, 0.000000), 0.015000
232, 1, (0.156863, 0.156863, 0.149020, 1.000000), 0, (-1.070133, 0.980000, 0.000000), (0.088826, 0.535652, 0.000000), (0.000000, 0.000000, 0.000000), 0.011000
233, 1, (0.156863, 0.156863, 0.149020, 1.000000), 0, (-0.980533, 0.784000, 0.000000), (0.072015, -0.375855, 0.000000), (0.000000, 0.000000, 0.000000), 0.026000
234, 1, (0.156863, 0.156863, 0.149020, 1.000000), 0, (-0.974933, 0.802000, 0.000000), (0.992132, -0.688847, 0.000000), (0.000000, 0.000000, 0.000000), 0.019000
235, 1, (0.156863, 0.156863, 0.149020, 1.000000), 0, (-0.971200, 0.816000, 0.000000), (0.342123, 0.087479, 0.000000), (0.000000, 0.000000, 0.000000), 0.013000
236, 1, (0.156863, 0.156863, 0.149020, 1.000000), 0, (-0.866667, 0.596000, 0.000000), (-0.991930, -0.219335, 0.000000), (0.000000, 0.000000, 0.000000), 0.023000
237, 1, (0.156863, 0.156863, 0.149020, 1.000000), 0, (-0.855467, 0.620000, 0.000000), (-0.344097, 0.967824, 0.000000), (0.000000, 0.000000, 0.000000), 0.019000
238, 1, (0.156863, 0.156863, 0.149020, 1.000000), 0, (-0.848000, 0.634000, 0.000000), (-0.241576, -0.896135, 0.000000), (0.000000, 0.000000, 0.000000), 0.011000
239, 1, (0.156863, 0.156863, 0.149020, 1.000000), 0, (-0.876000, 0.522000, 0.000000), (-0.699618, 0.383330, 0.000000), (0.000000, 0.000000, 0.000000), 0.011000
240, 1, (0.196078, 0.392157, 0.588235, 1.000000), 0, (-0.859200, -0.962000, 0.000000), (-0.146008, 0.790535, 0.000000), (0.000000, 0.000000, 0.000000), 0.111000
241, 1, (0.196078, 0.392157, 0.588235, 1.000000), 0, (-0.769600, -0.950000, 0.000000), (0.250486, 0.776832, 0.000000), (0.000000, 0.000000, 0.000000), 0.111000
242, 1, (0.196078, 0.392157, 0.588235, 1.000000), 0, (-0.681867, -0.934000, 0.000000), (-0.781046, -0.640298, 0.000000), (0.000000, 0.000000, 0.000000), 0.111000
243, 1, (0.196078, 0.392157, 0.588235, 1.000000), 0, (-0.590400, -0.960000, 0.000000), (-0.880374, -0.518871, 0.000000), (0.000000, 0.000000, 0.000000), 0.111000
244, 1, (0.196078, 0.392157, 0.588235, 1.000000), 0, (-0.478400, -0.966000, 0.000000), (-0.269473, -0.040690, 0.000000), (0.000000, 0.000000, 0.000000), 0.111000
245, 1, (0.196078, 0.392157, 0.588235, 1.000000), 0, (-0.360800, -0.958000, 0.000000), (-0.686086, -0.061563, 0.000000), (0.000000, 0.000000, 0.000000), 0.111000
246, 1, (0.196078, 0.392157, 0.588235, 1.000000), 0, (-0.252533, -0.958000, 0.000000), (0.044079, -0.943363, 0.000000), (0.000000, 0.000000, 0.000000), 0.111000
247, 1, (0.196078, 0.392157, 0.588235, 1.000000), 0, (-0.148000, -0.972000, 0.000000), (-0.397973, -0.867095, 0.000000), (0.000000, 0.000000, 0.000000), 0.111000
248, 1, (0.196078, 0.392157, 0.588235, 1.000000), 0, (-0.047200, -0.968000, 0.000000), (0.592289, 0.674043, 0.000000), (0.000000, 0.000000, 0.000000), 0.111000
249, 1, (0.196078, 0.392157, 0.588235, 1.000000), 0, (0.031200, -0.972000, 0.000000), (-0.242950, 0.584421, 0.000000), (0.000000, 0.000000, 0.000000), 0.111000
250, 1, (0.196078, 0.392157, 0.588235, 1.000000), 0, (0.173067, -0.976000, 0.000000), (0.985195, -0.900827, 0.000000), (0.000000, 0.000000, 0.000000), 0.111000
251, 1, (0.196078, 0.392157, 0.588235, 1.000000), 0, (0.294400, -0.972000, 0.000000), (-0.328100, 0.993266, 0.000000), (0.000000, 0.000000, 0.000000), 0.111000
252, 1, (0.196078, 0.392157, 0.588235, 1.000000), 0, (0.397067, -0.966000, 0.000000), (-0.120163, 0.327803, 0.000000), (0.000000, 0.000000, 0.000000), 0.111000
253, 1, (0.196078, 0.392157, 0.588235, 1.000000), 0, (0.531467, -0.972000, 0.000000), (0.961089, 0.638262, 0.000000), (0.000000, 0.000000, 0.000000), 0.111000
254, 1, (0.196078, 0.392157, 0.588235, 1.000000), 0, (0.624800, -0.970000, 0.000000), (0.431669, -0.738529, 0.000000), (0.000000, 0.000000, 0.000000), 0.111000
255, 1, (0.196078, 0.392157, 0.588235, 1.000000), 0, (0.678933, -0.964000, 0.000000), (0.021592, -0.714339, 0.000000), (0.000000, 0.000000, 0.000000), 0.111000
256, 1, (0.196078, 0.392157, 0.588235, 1.000000), 0, (0.742400, -0.964000, 0.000000), (-0.947994, -0.727922, 0.000000), (0.000000, 0.000000, 0.000000), 0.111000
257, 1, (0.196078, 0.392157, 0.588235, 1.000000), 0, (0.802133, -0.956000, 0.000000), (-0.937508, -0.729040, 0.000000), (0.000000, 0.000000, 0.000000), 0.111000
258, 1, (0.196078, 0.392157, 0.588235, 1.000000), 0, (0.865600, -0.958000, 0.000000), (-0.368220, -0.817882, 0.000000), (0.000000, 0.000000, 0.000000), 0.111000
259, 1, (0.196078, 0.392157, 0.588235, 1.000000), 0, (0.944000, -0.962000, 0.000000), (-0.247911, 0.362306, 0.000000), (0.000000, 0.000000, 0.000000), 0.111000
260, 1, (0.196078, 0.392157, 0.588235, 1.000000), 0, (1.022400, -0.974000, 0.000000), (0.141428, 0.066003, 0.000000), (0.000000, 0.000000, 0.000000), 0.111000
261, 1, (0.196078, 0.392157, 0.588235, 1.000000), 0, (1.093333, -0.972000, 0.000000), (-0.699256, -0.814493, 0.000000), (0.000000, 0.000000, 0.000000), 0.111000
262, 1, (0.196078, 0.392157, 0.588235, 1.000000), 0, (1.158667, -0.962000, 0.000000), (0.122640, -0.097229, 0.000000), (0.000000, 0.000000, 0.000000), 0.111000
263, 1, (0.196078, 0.392157, 0.588235, 1.000000), 0, (1.218400, -0.962000, 0.000000), (-0.681588, -0.285071, 0.000000), (0.000000, 0.000000, 0.000000), 0.111000
264, 1, (0.196078, 0.392157, 0.588235, 1.000000), 0, (1.278133, -0.958000, 0.000000), (-0.423187, 0.075462, 0.000000), (0.000000, 0.000000, 0.000000), 0.111000
265, 1, (0.196078, 0.392157, 0.588235, 1.000000), 0, (1.364000, -0.966000, 0.000000), (-0.700650, -0.437991, 0.000000), (0.000000, 0.000000, 0.000000), 0.111000
266, 1, (0.196078, 0.392157, 0.588235, 1.000000), 0, (1.459200, -0.966000, 0.000000), (0.174635, -0.028750, 0.000000), (0.000000, 0.000000, 0.000000), 0.111000
267, 1, (0.196078, 0.392157, 0.588235, 1.000000), 0, (1.509600, -0.962000, 0.000000), (-0.444726, -0.945528, 0.000000), (0.000000, 0.000000, 0.000000), 0.111000
268, 1, (0.196078, 0.392157, 0.588235, 1.000000), 0, (1.582400, -0.958000, 0.000000), (-0.700947, -0.483636, 0.000000), (0.000000, 0.000000, 0.000000), 0.111000
269, 1, (0.196078, 0.392157, 0.588235, 1.000000), 0, (1.664533, -0.944000, 0.000000), (0.692734, 0.730722, 0.000000), (0.000000, 0.000000, 0.000000), 0.111000
270, 1, (0.196078, 0.392157, 0.588235, 1.000000), 0, (1.756000, -0.940000, 0.000000), (-0.222165, -0.285675, 0.000000), (0.000000, 0.000000, 0.000000), 0.111000
271, 1, (0.196078, 0.392157, 0.588235, 1.000000), 0, (-0.829333, -0.798000, 0.000000), (-0.983618, -0.170159, 0.000000), (0.000000, 0.000000, 0.000000), 0.111000
272, 1, (0.196078, 0.392157, 0.588235, 1.000000), 0, (-0.820000, -0.726000, 0.000000), (-0.013597, -0.921126, 0.000000), (0.000000, 0.000000, 0.000000), 0.111000
273, 1, (0.196078, 0.392157, 0.588235, 1.000000), 0, (-0.792000, -0.720000, 0.000000), (0.100801, 0.618183, 0.000000), (0.000000, 0.000000, 0.000000), 0.111000
274, 1, (0.196078, 0.392157, 0.588235, 1.000000), 0, (-0.771467, -0.720000, 0.000000), (-0.739008, 0.852890, 0.000000), (0.000000, 0.000000, 0.000000), 0.111000
275, 1, (0.196078, 0.392157, 0.588235, 1.000000), 0, (-0.717333, -0.720000, 0.000000), (-0.019511, 0.402421, 0.000000), (0.000000, 0.000000, 0.000000), 0.111000
276, 1, (0.196078, 0.392157, 0.588235, 1.000000), 0, (-0.640800, -0.720000, 0.000000), (-0.081108, 0.281233, 0.000000), (0.000000, 0.000000, 0.000000), 0.111000
277, 1, (0.196078, 0.392157, 0.588235, 1.000000), 0, (-0.582933, -0.716000, 0.000000), (0.587927, -0.958468, 0.000000), (0.000000, 0.000000, 0.000000), 0.111000
278, 1, (0.196078, 0.392157, 0.588235, 1.000000), 0, (-0.489600, -0.696000, 0.000000), (-0.815997, 0.906339, 0.000000), (0.000000, 0.000000, 0.000000), 0.111000
279, 1, (0.196078, 0.392157, 0.588235, 1.000000), 0, (-0.414933, -0.670000, 0.000000), (-0.243539, -0.239183, 0.000000), (0.000000, 0.000000, 0.000000), 0.111000
280, 1, (0.196078, 0.392157, 0.588235, 1.000000), 0, (-0.368267, -0.644000, 0.000000), (-0.018199, 0.055811, 0.000000), (0.000000, 0.000000, 0.000000), 0.111000
281, 1, (0.196078, 0.392157, 0.588235, 1.000000), 0, (-0.302933, -0.598000, 0.000000), (0.322825, -0.843565, 0.000000), (0.000000, 0.000000, 0.000000), 0.111000
282, 1, (0.196078, 0.392157, 0.588235, 1.000000), 0, (-0.218933, -0.548000, 0.000000), (-0.972940, 0.878099, 0.000000), (0.000000, 0.000000, 0.000000), 0.111000
283, 1, (0.196078, 0.392157, 0.588235, 1.000000), 0, (-0.131200, -0.494000, 0.000000), (-0.789093, -0.673886, 0.000000), (0.000000, 0.000000, 0.000000), 0.111000
284, 1, (0.196078, 0.392157, 0.588235, 1.000000), 0, (-0.013600, -0.456000, 0.000000), (-0.605537, 0.903641, 0.000000), (0.000000, 0.000000, 0.000000), 0.111000
285, 1, (0.196078, 0.392157, 0.588235, 1.000000), 0, (0.115200, -0.424000, 0.000000), (-0.943165, 0.172298, 0.000000), (0.000000, 0.000000, 0.000000), 0.111000
286, 1, (0.196078, 0.392157, 0.588235, 1.000000), 0, (0.219733, -0.406000, 0.000000), (-0.382034, -0.926783, 0.000000), (0.000000, 0.000000, 0.000000), 0.111000
287, 1, (0.196078, 0.392157, 0.588235, 1.000000), 0, (0.324267, -0.394000, 0.000000), (-0.997862, 0.604369, 0.000000), (0.000000, 0.000000, 0.000000), 0.111000
288, 1, (0.196078, 0.392157, 0.588235, 1.000000), 0, (0.449333, -0.386000, 0.000000), (-0.847908, 0.102939, 0.000000), (0.000000, 0.000000, 0.000000), 0.111000
289, 1, (0.196078, 0.392157, 0.588235, 1.000000), 0, (0.563200, -0.374000, 0.000000), (0.222552, -0.586916, 0.000000), (0.000000, 0.000000, 0.000000), 0.111000
290, 1, (0.196078, 0.392157, 0.588235, 1.000000), 0, (0.667733, -0.370000, 0.000000), (-0.044171, -0.796959, 0.000000), (0.000000, 0.000000, 0.000000), 0.111000
291, 1, (0.196078, 0.392157, 0.588235, 1.000000), 0, (0.789067, -0.390000, 0.000000), (0.815505, 0.874721, 0.000000), (0.000000, 0.000000, 0.000000), 0.111000
292, 1, (0.196078, 0.392157, 0.588235, 1.000000), 0, (0.818933, -0.390000, 0.000000), (0.484274, 0.403432, 0.000000), (0.000000, 0.000000, 0.000000), 0.111000
293, 1, (0.196078, 0.392157, 0.588235, 1.000000), 0, (0.908533, -0.408000, 0.000000), (0.916253, 0.668277, 0.000000), (0.000000, 0.000000, 0.000000), 0.111000
294, 1, (0.196078, 0.392157, 0.588235, 1.000000), 0, (0.994400, -0.448000, 0.000000), (0.309771, -0.327286, 0.000000), (0.000000, 0.000000, 0.000000), 0.111000
295, 1, (0.196078, 0.392157, 0.588235, 1.000000), 0, (1.082133, -0.506000, 0.000000), (-0.570906, -0.708428, 0.000000), (0.000000, 0.000000, 0.000000), 0.111000
296, 1, (0.196078, 0.392157, 0.588235, 1.000000), 0, (1.119467, -0.552000, 0.000000), (0.728524, 0.751919, 0.000000), (0.000000, 0.000000, 0.000000), 0.111000
297, 1, (0.196078, 0.392157, 0.588235, 1.000000), 0, (1.233333, -0.604000, 0.000000), (-0.551993, 0.755585, 0.000000), (0.000000, 0.000000, 0.000000), 0.111000
298, 1, (0.196078, 0.392157, 0.588235, 1.000000), 0, (1.308000, -0.640000, 0.000000), (0.630018, -0.341085, 0.000000), (0.000000, 0.000000, 0.000000), 0.111000
299, 1, (0.196078, 0.392157, 0.588235, 1.000000), 0, (1.365867, -0.674000, 0.000000), (-0.918302, -0.975519, 0.000000), (0.000000, 0.000000, 0.000000), 0.111000
300, 1, (0.196078, 0.392157, 0.588235, 1.000000), 0, (1.453600, -0.710000, 0.000000), (-0.437444, -0.861466, 0.000000), (0.000000, 0.000000, 0.000000), 0.111000
301, 1, (0.196078, 0.392157, 0.588235, 1.000000), 0, (1.513333, -0.728000, 0.000000), (0.196779, 0.180522, 0.000000), (0.000000, 0.000000, 0.000000), 0.111000
302, 1, (0.196078, 0.392157, 0.588235, 1.000000), 0, (1.565600, -0.746000, 0.000000), (-0.788249, 0.198917, 0.000000), (0.000000, 0.000000, 0.000000), 0.111000
303, 1, (0.196078, 0.392157, 0.588235, 1.000000), 0, (1.619733, -0.764000, 0.000000), (-0.215109, -0.636158, 0.000000), (0.000000, 0.000000, 0.000000), 0.111000
304, 1, (0.196078, 0.392157, 0.588235, 1.000000), 0, (1.672000, -0.772000, 0.000000), (-0.698144, -0.992556, 0.000000), (0.000000, 0.000000, 0.000000), 0.111000
305, 1, (0.196078, 0.392157, 0.588235, 1.000000), 0, (1.696267, -0.774000, 0.000000), (-0.223074, 0.257685, 0.000000), (0.000000, 0.000000, 0.000000), 0.111000
306, 1, (0.196078, 0.392157, 0.588235, 1.000000), 0, (1.776533, -0.770000, 0.000000), (-0.789515, -0.407569, 0.000000), (0.000000, 0.000000, 0.000000), 0.111000
307, 1, (0.196078, 0.392157, 0.588235, 1.000000), 0, (1.489067, -0.814000, 0.000000), (0.132405, 0.694758, 0.000000), (0.000000, 0.000000, 0.000000), 0.111000
308, 1, (0.196078, 0.392157, 0.588235, 1.000000), 0, (1.294933, -0.814000, 0.000000), (0.995863, 0.048658, 0.000000), (0.000000, 0.000000, 0.000000), 0.111000
309, 1, (0.196078, 0.392157, 0.588235, 1.000000), 0, (1.115733, -0.788000, 0.000000), (0.363035, 0.305634, 0.000000), (0.000000, 0.000000, 0.000000), 0.111000
310, 1, (0.196078, 0.392157, 0.588235, 1.000000), 0, (1.037333, -0.790000, 0.000000), (0.721372, 0.792129, 0.000000), (0.000000, 0.000000, 0.000000), 0.111000
311, 1, (0.196078, 0.392157, 0.588235, 1.000000), 0, (0.865600, -0.784000, 0.000000), (0.597206, 0.449896, 0.000000), (0.000000, 0.000000, 0.000000), 0.111000
312, 1, (0.196078, 0.392157, 0.588235, 1.000000), 0, (0.725600, -0.758000, 0.000000), (0.544048, -0.954787, 0.000000), (0.000000, 0.000000, 0.000000), 0.111000
313, 1, (0.196078, 0.392157, 0.588235, 1.000000), 0, (0.613600, -0.762000, 0.000000), (0.205481, 0.174066, 0.000000), (0.000000, 0.000000, 0.000000), 0.111000
314, 1, (0.196078, 0.392157, 0.588235, 1.000000), 0, (0.494133, -0.766000, 0.000000), (-0.295872, 0.287180, 0.000000), (0.000000, 0.000000, 0.000000), 0.111000
315, 1, (0.196078, 0.392157, 0.588235, 1.000000), 0, (0.404533, -0.766000, 0.000000), (0.198547, 0.266684, 0.000000), (0.000000, 0.000000, 0.000000), 0.111000
316, 1, (0.196078, 0.392157, 0.588235, 1.000000), 0, (0.294400, -0.774000, 0.000000), (0.425713, -0.604675, 0.000000), (0.000000, 0.000000, 0.000000), 0.111000
317, 1, (0.196078, 0.392157, 0.588235, 1.000000), 0, (0.219733, -0.788000, 0.000000), (-0.552794, 0.637464, 0.000000), (0.000000, 0.000000, 0.000000), 0.111000
318, 1, (0.196078, 0.392157, 0.588235, 1.000000), 0, (0.104000, -0.784000, 0.000000), (0.594242, 0.232097, 0.000000), (0.000000, 0.000000, 0.000000), 0.111000
319, 1, (0.196078, 0.392157, 0.588235, 1.000000), 0, (-0.013600, -0.792000, 0.000000), (-0.998694, 0.896098, 0.000000), (0.000000, 0.000000, 0.000000), 0.111000
320, 1, (0.196078, 0.392157, 0.588235, 1.000000), 0, (-0.129333, -0.764000, 0.000000), (0.239541, -0.221767, 0.000000), (0.000000, 0.000000, 0.000000), 0.111000
321, 1, (0.196078, 0.392157, 0.588235, 1.000000), 0, (-0.217067, -0.764000, 0.000000), (0.153783, 0.450025, 0.000000), (0.000000, 0.000000, 0.000000), 0.111000
322, 1, (0.196078, 0.392157, 0.588235, 1.000000), 0, (-0.398133, -0.784000, 0.000000), (0.370664, -0.713812, 0.000000), (0.000000, 0.000000, 0.000000), 0.111000
323, 1, (0.196078, 0.392157, 0.588235, 1.000000), 0, (-0.582933, -0.846000, 0.000000), (0.144784, 0.366527, 0.000000), (0.000000, 0.000000, 0.000000), 0.111000
324, 1, (0.196078, 0.392157, 0.588235, 1.000000), 0, (-0.633333, -0.850000, 0.000000), (0.334847, -0.492181, 0.000000), (0.000000, 0.000000, 0.000000), 0.111000
325, 1, (0.196078, 0.392157, 0.588235, 1.000000), 0, (-0.065867, -0.682000, 0.000000), (-0.327839, 0.056219, 0.000000), (0.000000, 0.000000, 0.000000), 0.111000
326, 1, (0.196078, 0.392157, 0.588235, 1.000000), 0, (0.079733, -0.612000, 0.000000), (-0.700052, -0.730633, 0.000000), (0.000000, 0.000000, 0.000000), 0.111000
327, 1, (0.196078, 0.392157, 0.588235, 1.000000), 0, (0.236533, -0.560000, 0.000000), (-0.493885, 0.843996, 0.000000), (0.000000, 0.000000, 0.000000), 0.111000
328, 1, (0.196078, 0.392157, 0.588235, 1.000000), 0, (0.488533, -0.524000, 0.000000), (-0.685420, 0.711596, 0.000000), (0.000000, 0.000000, 0.000000), 0.111000
329, 1, (0.196078, 0.392157, 0.588235, 1.000000), 0, (0.410133, -0.570000, 0.000000), (0.018062, 0.018709, 0.000000), (0.000000, 0.000000, 0.000000), 0.111000
330, 1, (0.196078, 0.392157, 0.588235, 1.000000), 0, (0.682667, -0.546000, 0.000000), (-0.001224, -0.783392, 0.000000), (0.000000, 0.000000, 0.000000), 0.111000
331, 1, (0.196078, 0.392157, 0.588235, 1.000000), 0, (0.820800, -0.546000, 0.000000), (-0.714607, -0.575511, 0.000000), (0.000000, 0.000000, 0.000000), 0.111000
332, 1, (0.196078, 0.392157, 0.588235, 1.000000), 0, (0.979467, -0.578000, 0.000000), (-0.388066, -0.267401, 0.000000), (0.000000, 0.000000, 0.000000), 0.111000
333, 1, (0.196078, 0.392157, 0.588235, 1.000000), 0, (1.046667, -0.634000, 0.000000), (-0.938048, -0.793824, 0.000000), (0.000000, 0.000000, 0.000000), 0.111000
334, 1, (0.196078, 0.392157, 0.588235, 1.000000), 0, (0.901067, -0.688000, 0.000000), (0.964696, -0.936741, 0.000000), (0.000000, 0.000000, 0.000000), 0.111000
335, 1, (0.196078, 0.392157, 0.588235, 1.000000), 0, (0.576267, -0.664000, 0.000000), (-0.897725, 0.204237, 0.000000), (0.000000, 0.000000, 0.000000), 0.111000
336, 1, (0.196078, 0.392157, 0.588235, 1.000000), 0, (0.705067, -0.646000, 0.000000), (-0.158509, 0.256058, 0.000000), (0.000000, 0.000000, 0.000000), 0.111000
337, 1, (0.196078, 0.392157, 0.588235, 1.000000), 0, (0.473600, -0.684000, 0.000000), (-0.345738, -0.787845, 0.000000), (0.000000, 0.000000, 0.000000), 0.111000
338, 1, (0.196078, 0.392157, 0.588235, 1.000000), 0, (0.326133, -0.684000, 0.000000), (0.542246, 0.799046, 0.000000), (0.000000, 0.000000, 0.000000), 0.111000
339, 1, (0.196078, 0.392157, 0.588235, 1.000000), 0, (0.174933, -0.692000, 0.000000), (0.578682, -0.122908, 0.000000), (0.000000, 0.000000, 0.000000), 0.111000
340, 1, (0.054902, 0.211765, 0.341176, 1.000000), 0, (-0.879733, -0.570000, 0.000000), (-0.693135, -0.749157, 0.000000), (0.000000, 0.000000, 0.000000), 0.093000
341, 1, (0.054902, 0.211765, 0.341176, 1.000000), 0, (-0.827467, -0.554000, 0.000000), (0.933311, -0.393186, 0.000000), (0.000000, 0.000000, 0.000000), 0.093000
342, 1, (0.054902, 0.211765, 0.341176, 1.000000), 0, (-0.784533, -0.554000, 0.000000), (-0.479790, -0.560574, 0.000000), (0.000000, 0.000000, 0.000000), 0.093000
343, 1, (0.054902, 0.211765, 0.341176, 1.000000), 0, (-0.734133, -0.546000, 0.000000), (-0.549190, -0.165210, 0.000000), (0.000000, 0.000000, 0.000000), 0.093000
344, 1, (0.054902, 0.211765, 0.341176, 1.000000), 0, (-0.655733, -0.542000, 0.000000), (-0.848978, 0.468871, 0.000000), (0.000000, 0.000000, 0.000000), 0.093000
345, 1, (0.054902, 0.211765, 0.341176, 1.000000), 0, (-0.592267, -0.534000, 0.000000), (0.853499, 0.149797, 0.000000), (0.000000, 0.000000, 0.000000), 0.093000
346, 1, (0.054902, 0.211765, 0.341176, 1.000000), 0, (-0.540000, -0.522000, 0.000000), (0.685479, -0.861108, 0.000000), (0.000000, 0.000000, 0.000000), 0.093000
347, 1, (0.054902, 0.211765, 0.341176, 1.000000), 0, (-0.470933, -0.502000, 0.000000), (0.574286, -0.702587, 0.000000), (0.000000, 0.000000, 0.000000), 0.093000
348, 1, (0.054902, 0.211765, 0.341176, 1.000000), 0, (-0.429867, -0.476000, 0.000000), (-0.128510, 0.636238, 0.000000), (0.000000, 0.000000, 0.000000), 0.093000
349, 1, (0.054902, 0.211765, 0.341176, 1.000000), 0, (-0.372000, -0.456000, 0.000000), (-0.496411, -0.163814, 0.000000), (0.000000, 0.000000, 0.000000), 0.093000
350, 1, (0.054902, 0.211765, 0.341176, 1.000000), 0, (-0.302933, -0.428000, 0.000000), (0.699497, -0.394136, 0.000000), (0.000000, 0.000000, 0.000000), 0.093000
351, 1, (0.054902, 0.211765, 0.341176, 1.000000), 0, (-0.237600, -0.402000, 0.000000), (-0.959577, -0.459012, 0.000000), (0.000000, 0.000000, 0.000000), 0.093000
352, 1, (0.054902, 0.211765, 0.341176, 1.000000), 0, (-0.159200, -0.382000, 0.000000), (0.861921, -0.305315, 0.000000), (0.000000, 0.000000, 0.000000), 0.093000
353, 1, (0.054902, 0.211765, 0.341176, 1.000000), 0, (-0.071467, -0.346000, 0.000000), (-0.246856, 0.404167, 0.000000), (0.000000, 0.000000, 0.000000), 0.093000
354, 1, (0.054902, 0.211765, 0.341176, 1.000000), 0, (0.023733, -0.306000, 0.000000), (-0.506269, -0.668175, 0.000000), (0.000000, 0.000000, 0.000000), 0.093000
355, 1, (0.054902, 0.211765, 0.341176, 1.000000), 0, (0.100267, -0.282000, 0.000000), (-0.718740, -0.199404, 0.000000), (0.000000, 0.000000, 0.000000), 0.093000
356, 1, (0.054902, 0.211765, 0.341176, 1.000000), 0, (0.188000, -0.264000, 0.000000), (-0.417332, -0.785429, 0.000000), (0.000000, 0.000000, 0.000000), 0.093000
357, 1, (0.054902, 0.211765, 0.341176, 1.000000), 0, (0.251467, -0.260000, 0.000000), (0.407410, 0.102878, 0.000000), (0.000000, 0.000000, 0.000000), 0.093000
358, 1, (0.054902, 0.211765, 0.341176, 1.000000), 0, (0.339200, -0.250000, 0.000000), (-0.346003, 0.858219, 0.000000), (0.000000, 0.000000, 0.000000), 0.093000
359, 1, (0.054902, 0.211765, 0.341176, 1.000000), 0, (0.449333, -0.236000, 0.000000), (0.937668, -0.194982, 0.000000), (0.000000, 0.000000, 0.000000), 0.093000
360, 1, (0.054902, 0.211765, 0.341176, 1.000000), 0, (0.510933, -0.236000, 0.000000), (0.327091, 0.791167, 0.000000), (0.000000, 0.000000, 0.000000), 0.093000
361, 1, (0.054902, 0.211765, 0.341176, 1.000000), 0, (0.574400, -0.236000, 0.000000), (0.954816, 0.012570, 0.000000), (0.000000, 0.000000, 0.000000), 0.093000
362, 1, (0.054902, 0.211765, 0.341176, 1.000000), 0, (0.665867, -0.248000, 0.000000), (0.930059, 0.529101, 0.000000), (0.000000, 0.000000, 0.000000), 0.093000
363, 1, (0.054902, 0.211765, 0.341176, 1.000000), 0, (0.751733, -0.260000, 0.000000), (0.309983, -0.198451, 0.000000), (0.000000, 0.000000, 0.000000), 0.093000
364, 1, (0.054902, 0.211765, 0.341176, 1.000000), 0, (0.845067, -0.264000, 0.000000), (0.165340, 0.813572, 0.000000), (0.000000, 0.000000, 0.000000), 0.093000
365, 1, (0.054902, 0.211765, 0.341176, 1.000000), 0, (0.944000, -0.290000, 0.000000), (0.637735, -0.135163, 0.000000), (0.000000, 0.000000, 0.000000), 0.093000
366, 1, (0.054902, 0.211765, 0.341176, 1.000000), 0, (1.001867, -0.314000, 0.000000), (-0.580564, 0.678157, 0.000000), (0.000000, 0.000000, 0.000000), 0.093000
367, 1, (0.054902, 0.211765, 0.341176, 1.000000), 0, (1.076533, -0.344000, 0.000000), (0.405825, -0.718642, 0.000000), (0.000000, 0.000000, 0.000000), 0.093000
368, 1, (0.054902, 0.211765, 0.341176, 1.000000), 0, (1.162400, -0.376000, 0.000000), (-0.627158, -0.841031, 0.000000), (0.000000, 0.000000, 0.000000), 0.093000
369, 1, (0.054902, 0.211765, 0.341176, 1.000000), 0, (1.227733, -0.422000, 0.000000), (0.685525, -0.133427, 0.000000), (0.000000, 0.000000, 0.000000), 0.093000
370, 1, (0.054902, 0.211765, 0.341176, 1.000000), 0, (1.272533, -0.460000, 0.000000), (-0.509205, 0.966785, 0.000000), (0.000000, 0.000000, 0.000000), 0.093000
371, 1, (0.054902, 0.211765, 0.341176, 1.000000), 0, (1.334133, -0.482000, 0.000000), (0.667169, 0.073463, 0.000000), (0.000000, 0.000000, 0.000000), 0.093000
372, 1, (0.054902, 0.211765, 0.341176, 1.000000), 0, (1.401333, -0.502000, 0.000000), (-0.818644, 0.074579, 0.000000), (0.000000, 0.000000, 0.000000), 0.093000
373, 1, (0.054902, 0.211765, 0.341176, 1.000000), 0, (1.459200, -0.518000, 0.000000), (-0.823659, -0.164648, 0.000000), (0.000000, 0.000000, 0.000000), 0.093000
374, 1, (0.054902, 0.211765, 0.341176, 1.000000), 0, (1.535733, -0.546000, 0.000000), (-0.067201, -0.885991, 0.000000), (0.000000, 0.000000, 0.000000), 0.093000
375, 1, (0.054902, 0.211765, 0.341176, 1.000000), 0, (1.595467, -0.572000, 0.000000), (0.640371, -0.740111, 0.000000), (0.000000, 0.000000, 0.000000), 0.093000
376, 1, (0.054902, 0.211765, 0.341176, 1.000000), 0, (1.630933, -0.578000, 0.000000), (0.905176, 0.595186, 0.000000), (0.000000, 0.000000, 0.000000), 0.093000
377, 1, (0.054902, 0.211765, 0.341176, 1.000000), 0, (1.679467, -0.590000, 0.000000), (0.272459, 0.835235, 0.000000), (0.000000, 0.000000, 0.000000), 0.093000
378, 1, (0.054902, 0.211765, 0.341176, 1.000000), 0, (1.714933, -0.590000, 0.000000), (0.124288, -0.417558, 0.000000), (0.000000, 0.000000, 0.000000), 0.093000
379, 1, (0.054902, 0.211765, 0.341176, 1.000000), 0, (1.772800, -0.590000, 0.000000), (-0.363216, -0.710372, 0.000000), (0.000000, 0.000000, 0.000000), 0.093000
380, 1, (0.054902, 0.211765, 0.341176, 1.000000), 0, (-0.922667, -0.278000, 0.000000), (-0.603986, -0.725482, 0.000000), (0.000000, 0.000000, 0.000000), 0.093000
381, 1, (0.054902, 0.211765, 0.341176, 1.000000), 0, (-0.825600, -0.286000, 0.000000), (0.154465, -0.184550, 0.000000), (0.000000, 0.000000, 0.000000), 0.093000
382, 1, (0.054902, 0.211765, 0.341176, 1.000000), 0, (-0.788267, -0.282000, 0.000000), (0.952676, -0.439710, 0.000000), (0.000000, 0.000000, 0.000000), 0.093000
383, 1, (0.054902, 0.211765, 0.341176, 1.000000), 0, (-0.719200, -0.286000, 0.000000), (0.096808, -0.674482, 0.000000), (0.000000, 0.000000, 0.000000), 0.093000
384, 1, (0.054902, 0.211765, 0.341176, 1.000000), 0, (-0.655733, -0.294000, 0.000000), (-0.280741, -0.217667, 0.000000), (0.000000, 0.000000, 0.000000), 0.093000
385, 1, (0.054902, 0.211765, 0.341176, 1.000000), 0, (-0.605333, -0.304000, 0.000000), (0.192091, 0.210053, 0.000000), (0.000000, 0.000000, 0.000000), 0.093000
386, 1, (0.054902, 0.211765, 0.341176, 1.000000), 0, (-0.566133, -0.310000, 0.000000), (-0.250882, -0.140740, 0.000000), (0.000000, 0.000000, 0.000000), 0.093000
387, 1, (0.054902, 0.211765, 0.341176, 1.000000), 0, (-0.497067, -0.306000, 0.000000), (-0.716484, -0.069527, 0.000000), (0.000000, 0.000000, 0.000000), 0.093000
388, 1, (0.054902, 0.211765, 0.341176, 1.000000), 0, (-0.413067, -0.294000, 0.000000), (0.933839, -0.540143, 0.000000), (0.000000, 0.000000, 0.000000), 0.093000
389, 1, (0.054902, 0.211765, 0.341176, 1.000000), 0, (-0.358933, -0.294000, 0.000000), (0.765826, -0.133362, 0.000000), (0.000000, 0.000000, 0.000000), 0.093000
390, 1, (0.054902, 0.211765, 0.341176, 1.000000), 0, (-0.243200, -0.298000, 0.000000), (-0.426134, 0.406196, 0.000000), (0.000000, 0.000000, 0.000000), 0.093000
391, 1, (0.054902, 0.211765, 0.341176, 1.000000), 0, (-0.213333, -0.298000, 0.000000), (0.126527, -0.520957, 0.000000), (0.000000, 0.000000, 0.000000), 0.093000
392, 1, (0.054902, 0.211765, 0.341176, 1.000000), 0, (-0.148000, -0.298000, 0.000000), (0.001383, -0.601014, 0.000000), (0.000000, 0.000000, 0.000000), 0.093000
393, 1, (0.054902, 0.211765, 0.341176, 1.000000), 0, (-0.086400, -0.290000, 0.000000), (-0.685722, -0.874329, 0.000000), (0.000000, 0.000000, 0.000000), 0.093000
394, 1, (0.054902, 0.211765, 0.341176, 1.000000), 0, (-0.060267, -0.282000, 0.000000), (-0.018573, -0.048939, 0.000000), (0.000000, 0.000000, 0.000000), 0.093000
395, 1, (0.054902, 0.211765, 0.341176, 1.000000), 0, (0.023733, -0.252000, 0.000000), (-0.584702, 0.377441, 0.000000), (0.000000, 0.000000, 0.000000), 0.093000
396, 1, (0.054902, 0.211765, 0.341176, 1.000000), 0, (0.079733, -0.232000, 0.000000), (0.225580, 0.569763, 0.000000), (0.000000, 0.000000, 0.000000), 0.093000
397, 1, (0.054902, 0.211765, 0.341176, 1.000000), 0, (0.154400, -0.192000, 0.000000), (-0.807109, 0.178256, 0.000000), (0.000000, 0.000000, 0.000000), 0.093000
398, 1, (0.054902, 0.211765, 0.341176, 1.000000), 0, (0.275733, -0.150000, 0.000000), (-0.869947, 0.289699, 0.000000), (0.000000, 0.000000, 0.000000), 0.093000
399, 1, (0.054902, 0.211765, 0.341176, 1.000000), 0, (0.354133, -0.136000, 0.000000), (0.503774, -0.150688, 0.000000), (0.000000, 0.000000, 0.000000), 0.093000
400, 1, (0.054902, 0.211765, 0.341176, 1.000000), 0, (0.426933, -0.106000, 0.000000), (-0.927968, -0.304135, 0.000000), (0.000000, 0.000000, 0.000000), 0.093000
401, 1, (0.054902, 0.211765, 0.341176, 1.000000), 0, (0.490400, -0.086000, 0.000000), (-0.940635, -0.178851, 0.000000), (0.000000, 0.000000, 0.000000), 0.093000
402, 1, (0.054902, 0.211765, 0.341176, 1.000000), 0, (0.563200, -0.074000, 0.000000), (0.555125, -0.657119, 0.000000), (0.000000, 0.000000, 0.000000), 0.093000
403, 1, (0.054902, 0.211765, 0.341176, 1.000000), 0, (0.658400, -0.066000, 0.000000), (0.751623, 0.488965, 0.000000), (0.000000, 0.000000, 0.000000), 0.093000
404, 1, (0.054902, 0.211765, 0.341176, 1.000000), 0, (0.766667, -0.070000, 0.000000), (-0.197262, 0.517448, 0.000000), (0.000000, 0.000000, 0.000000), 0.093000
405, 1, (0.054902, 0.211765, 0.341176, 1.000000), 0, (0.865600, -0.092000, 0.000000), (-0.644397, 0.376605, 0.000000), (0.000000, 0.000000, 0.000000), 0.093000
406, 1, (0.054902, 0.211765, 0.341176, 1.000000), 0, (0.921600, -0.114000, 0.000000), (-0.076355, 0.482129, 0.000000), (0.000000, 0.000000, 0.000000), 0.093000
407, 1, (0.054902, 0.211765, 0.341176, 1.000000), 0, (1.011200, -0.158000, 0.000000), (0.855647, 0.925028, 0.000000), (0.000000, 0.000000, 0.000000), 0.093000
408, 1, (0.054902, 0.211765, 0.341176, 1.000000), 0, (1.046667, -0.180000, 0.000000), (0.881115, -0.830075, 0.000000), (0.000000, 0.000000, 0.000000), 0.093000
409, 1, (0.054902, 0.211765, 0.341176, 1.000000), 0, (1.125067, -0.208000, 0.000000), (-0.949302, -0.137458, 0.000000), (0.000000, 0.000000, 0.000000), 0.093000
410, 1, (0.054902, 0.211765, 0.341176, 1.000000), 0, (1.182933, -0.248000, 0.000000), (0.120986, -0.534003, 0.000000), (0.000000, 0.000000, 0.000000), 0.093000
411, 1, (0.054902, 0.211765, 0.341176, 1.000000), 0, (1.248267, -0.304000, 0.000000), (-0.760016, -0.653434, 0.000000), (0.000000, 0.000000, 0.000000), 0.093000
412, 1, (0.054902, 0.211765, 0.341176, 1.000000), 0, (1.280000, -0.326000, 0.000000), (-0.964241, -0.567125, 0.000000), (0.000000, 0.000000, 0.000000), 0.093000
413, 1, (0.054902, 0.211765, 0.341176, 1.000000), 0, (1.345333, -0.368000, 0.000000), (0.524821, -0.834188, 0.000000), (0.000000, 0.000000, 0.000000), 0.093000
414, 1, (0.054902, 0.211765, 0.341176, 1.000000), 0, (1.356533, -0.372000, 0.000000), (0.722574, 0.028595, 0.000000), (0.000000, 0.000000, 0.000000), 0.093000
415, 1, (0.054902, 0.211765, 0.341176, 1.000000), 0, (1.405067, -0.384000, 0.000000), (0.015124, 0.794606, 0.000000), (0.000000, 0.000000, 0.000000), 0.093000
416, 1, (0.054902, 0.211765, 0.341176, 1.000000), 0, (1.431200, -0.390000, 0.000000), (0.724460, 0.074489, 0.000000), (0.000000, 0.000000, 0.000000), 0.093000
417, 1, (0.054902, 0.211765, 0.341176, 1.000000), 0, (1.483467, -0.408000, 0.000000), (-0.384244, 0.279585, 0.000000), (0.000000, 0.000000, 0.000000), 0.093000
418, 1, (0.054902, 0.211765, 0.341176, 1.000000), 0, (1.550667, -0.436000, 0.000000), (0.417370, -0.632622, 0.000000), (0.000000, 0.000000, 0.000000), 0.093000
419, 1, (0.054902, 0.211765, 0.341176, 1.000000), 0, (1.561867, -0.440000, 0.000000), (-0.231450, -0.779892, 0.000000), (0.000000, 0.000000, 0.000000), 0.093000
420, 1, (0.054902, 0.211765, 0.341176, 1.000000), 0, (1.670133, -0.462000, 0.000000), (0.884827, 0.124152, 0.000000), (0.000000, 0.000000, 0.000000), 0.093000
421, 1, (0.054902, 0.211765, 0.341176, 1.000000), 0, (1.673867, -0.462000, 0.000000), (0.596713, -0.191528, 0.000000), (0.000000, 0.000000, 0.000000), 0.093000
422, 1, (0.054902, 0.211765, 0.341176, 1.000000), 0, (1.705600, -0.466000, 0.000000), (-0.393718, 0.452360, 0.000000), (0.000000, 0.000000, 0.000000), 0.093000
423, 1, (0.054902, 0.211765, 0.341176, 1.000000), 0, (1.741067, -0.470000, 0.000000), (-0.266501, -0.512603, 0.000000), (0.000000, 0.000000, 0.000000), 0.093000
424, 1, (0.054902, 0.211765, 0.341176, 1.000000), 0, (1.759733, -0.470000, 0.000000), (0.622285, -0.215803, 0.000000), (0.000000, 0.000000, 0.000000), 0.093000
425, 1, (0.054902, 0.211765, 0.341176, 1.000000), 0, (0.527733, -0.182000, 0.000000), (0.349939, -0.256729, 0.000000), (0.000000, 0.000000, 0.000000), 0.093000
426, 1, (0.054902, 0.211765, 0.341176, 1.000000), 0, (0.703200, -0.180000, 0.000000), (0.250194, 0.589923, 0.000000), (0.000000, 0.000000, 0.000000), 0.093000
427, 1, (0.054902, 0.211765, 0.341176, 1.000000), 0, (0.953333, -0.218000, 0.000000), (0.089836, 0.285953, 0.000000), (0.000000, 0.000000, 0.000000), 0.093000
428, 1, (0.054902, 0.211765, 0.341176, 1.000000), 0, (-0.526933, -0.378000, 0.000000), (-0.977202, -0.385342, 0.000000), (0.000000, 0.000000, 0.000000), 0.093000
429, 1, (0.054902, 0.211765, 0.341176, 1.000000), 0, (-0.605333, -0.390000, 0.000000), (0.451766, 0.745372, 0.000000), (0.000000, 0.000000, 0.000000), 0.093000
430, 1, (0.054902, 0.211765, 0.341176, 1.000000), 0, (-0.674400, -0.392000, 0.000000), (0.643253, -0.533111, 0.000000), (0.000000, 0.000000, 0.000000), 0.093000
431, 1, (0.054902, 0.211765, 0.341176, 1.000000), 0, (-0.758400, -0.394000, 0.000000), (0.539979, 0.367713, 0.000000), (0.000000, 0.000000, 0.000000), 0.093000
432, 1, (0.054902, 0.211765, 0.341176, 1.000000), 0, (-0.805067, -0.400000, 0.000000), (0.541378, -0.844266, 0.000000), (0.000000, 0.000000, 0.000000), 0.093000
433, 1, (0.054902, 0.211765, 0.341176, 1.000000), 0, (-0.902133, -0.424000, 0.000000), (-0.352702, -0.041252, 0.000000), (0.000000, 0.000000, 0.000000), 0.093000
434, 1, (0.054902, 0.211765, 0.341176, 1.000000), 0, (-0.915200, -0.360000, 0.000000), (-0.476887, 0.415848, 0.000000), (0.000000, 0.000000, 0.000000), 0.093000
435, 1, (0.196078, 0.392157, 0.588235, 1.000000), 0, (-0.017333, -0.370000, 0.000000), (0.178857, -0.592061, 0.000000), (0.000000, 0.000000, 0.000000), 0.093000
