Number of bodies: 220
ID, IsSolid, Color (R, G, B, A), Movement, Position (X, Y, Z), Velocity (X, Y, Z), Force (X, Y, Z), Radius
0, 1, (0.192157, 0.152941, 0.376471, 1.000000), 0, (-0.015341, -0.691284, 0.000000), (0.648634, -0.226200, 0.000000), (0.000000, 0.000000, 0.000000), 0.023000
1, 1, (0.894118, 0.858824, 0.333333, 1.000000), 0, (-0.337180, 0.905187, 0.000000), (0.534678, 0.580431, 0.000000), (0.000000, 0.000000, 0.000000), 0.023000
2, 1, (0.894118, 0.858824, 0.333333, 1.000000), 0, (0.020061, -1.205228, 0.000000), (0.791277, -0.619116, 0.000000), (0.000000, 0.000000, 0.000000), 0.023000
3, 1, (0.894118, 0.858824, 0.333333, 1.000000), 0, (-2.169887, 1.057176, 0.000000), (-0.359415, 0.520139, 0.000000), (0.000000, 0.000000, 0.000000), 0.023000
4, 1, (0.254902, 0.290196, 0.298039, 1.000000), 0, (-2.423995, 0.452557, 0.000000), (-0.474090, 0.092387, 0.000000), (0.000000, 0.000000, 0.000000), 0.023000
5, 1, (0.083059, 0.173765, 0.304510, 1.000000), 0, (-1.670624, 0.944330, 0.000000), (-0.075592, 0.241912, 0.000000), (0.000000, 0.000000, 0.000000), 0.023000
6, 1, (0.083059, 0.173765, 0.304510, 1.000000), 0, (-1.996793, 0.684112, 0.000000), (-0.300402, 0.011400, 0.000000), (0.000000, 0.000000, 0.000000), 0.023000
7, 1, (0.083059, 0.173765, 0.304510, 1.000000), 0, (0.336733, 2.287908, 0.000000), (0.872331, 0.815516, 0.000000), (0.000000, 0.000000, 0.000000), 0.023000
8, 1, (0.364706, 0.368627, 0.305882, 1.000000), 0, (-0.678435, 1.622268, 0.000000), (0.240456, 0.418439, 0.000000), (0.000000, 0.000000, 0.000000), 0.023000
9, 1, (0.364706, 0.368627, 0.305882, 1.000000), 0, (-2.346607, 1.269101, 0.000000), (-0.745937, 0.198184, 0.000000), (0.000000, 0.000000, 0.000000), 0.023000
10, 1, (0.364706, 0.368627, 0.305882, 1.000000), 0, (-2.680649, -0.027098, 0.000000), (-0.996098, -0.528611, 0.000000), (0.000000, 0.000000, 0.000000), 0.023000
11, 1, (0.192157, 0.164706, 0.160784, 1.000000), 0, (-2.079099, 2.074454, 0.000000), (-0.754679, 0.591867, 0.000000), (0.000000, 0.000000, 0.000000), 0.023000
12, 1, (0.192157, 0.164706, 0.160784, 1.000000), 0, (-1.885628, 0.573060, 0.000000), (-0.715839, -0.213091, 0.000000), (0.000000, 0.000000, 0.000000), 0.023000
13, 1, (0.192157, 0.164706, 0.160784, 1.000000), 0, (-1.871469, -0.530333, 0.000000), (-0.769506, -0.796269, 0.000000), (0.000000, 0.000000, 0.000000), 0.023000
14, 1, (0.192157, 0.282353, 0.286275, 1.000000), 0, (1.467510, -0.156473, 0.000000), (0.965554, -0.577816, 0.000000), (0.000000, 0.000000, 0.000000), 0.023000
15, 1, (0.192157, 0.282353, 0.286275, 1.000000), 0, (-0.232173, 2.124036, 0.000000), (-0.004651, 0.661627, 0.000000), (0.000000, 0.000000, 0.000000), 0.023000
16, 1, (0.192157, 0.282353, 0.286275, 1.000000), 0, (0.230931, 0.069970, 0.000000), (0.194396, -0.422543, 0.000000), (0.000000, 0.000000, 0.000000), 0.023000
17, 1, (0.196078, 0.392157, 0.588235, 1.000000), 0, (0.411050, 0.884478, 0.000000), (0.244124, 0.033132, 0.000000), (0.000000, 0.000000, 0.000000), 0.023000
18, 1, (0.196078, 0.392157, 0.588235, 1.000000), 0, (-0.059400, 2.513731, 0.000000), (-0.043279, 0.928455, 0.000000), (0.000000, 0.000000, 0.000000), 0.023000
19, 1, (0.196078, 0.392157, 0.588235, 1.000000), 0, (-0.728527, 1.742737, 0.000000), (-0.444661, 0.526339, 0.000000), (0.000000, 0.000000, 0.000000), 0.023000
20, 1, (0.054902, 0.211765, 0.341176, 1.000000), 0, (0.218517, 1.689376, 0.000000), (0.022922, 0.523452, 0.000000), (0.000000, 0.000000, 0.000000), 0.023000
21, 1, (0.054902, 0.211765, 0.341176, 1.000000), 0, (-0.200273, 2.068403, 0.000000), (-0.229639, 0.766240, 0.000000), (0.000000, 0.000000, 0.000000), 0.023000
22, 1, (0.054902, 0.211765, 0.341176, 1.000000), 0, (-0.549859, 0.003246, 0.000000), (-0.463038, -0.309883, 0.000000), (0.000000, 0.000000, 0.000000), 0.023000
23, 1, (0.976471, 0.894118, 0.588235, 1.000000), 0, (1.450925, 1.998369, 0.000000), (0.583818, 0.821124, 0.000000), (0.000000, 0.000000, 0.000000), 0.023000
24, 1, (0.976471, 0.894118, 0.588235, 1.000000), 0, (-1.274646, 1.978742, 0.000000), (-0.889355, 0.881614, 0.000000), (0.000000, 0.000000, 0.000000), 0.023000
25, 1, (0.976471, 0.894118, 0.588235, 1.000000), 0, (0.521869, -1.248741, 0.000000), (0.021426, -0.841720, 0.000000), (0.000000, 0.000000, 0.000000), 0.023000
26, 1, (0.058824, 0.231373, 0.321569, 1.000000), 0, (-0.594626, 0.819740, 0.000000), (-0.644880, 0.310493, 0.000000), (0.000000, 0.000000, 0.000000), 0.023000
27, 1, (0.058824, 0.231373, 0.321569, 1.000000), 0, (2.100406, -0.345989, 0.000000), (0.748558, -0.317014, 0.000000), (0.000000, 0.000000, 0.000000), 0.023000
28, 1, (0.058824, 0.231373, 0.321569, 1.000000), 0, (-0.768975, -1.647597, 0.000000), (-0.900523, -0.973509, 0.000000), (0.000000, 0.000000, 0.000000), 0.023000
29, 1, (0.156863, 0.156863, 0.149020, 1.000000), 0, (0.793135, -1.573866, 0.000000), (-0.114907, -0.887529, 0.000000), (0.000000, 0.000000, 0.000000), 0.023000
30, 1, (0.156863, 0.156863, 0.149020, 1.000000), 0, (0.035417, 1.677782, 0.000000), (-0.552914, 0.924173, 0.000000), (0.000000, 0.000000, 0.000000), 0.023000
31, 1, (0.156863, 0.156863, 0.149020, 1.000000), 0, (2.628274, 1.191814, 0.000000), (0.772453, 0.685187, 0.000000), (0.000000, 0.000000, 0.000000), 0.023000
32, 1, (0.956863, 0.701961, 0.019608, 1.000000), 0, (0.226525, -0.102138, 0.000000), (-0.496280, 0.064023, 0.000000), (0.000000, 0.000000, 0.000000), 0.023000
33, 1, (0.956863, 0.701961, 0.019608, 1.000000), 0, (0.500271, 0.653551, 0.000000), (-0.279585, 0.504177, 0.000000), (0.000000, 0.000000, 0.000000), 0.023000
34, 1, (0.956863, 0.701961, 0.019608, 1.000000), 0, (0.886344, 0.274432, 0.000000), (-0.005444, 0.319486, 0.000000), (0.000000, 0.000000, 0.000000), 0.023000
35, 1, (0.776471, 0.792157, 0.454902, 1.000000), 0, (0.761079, -2.092217, 0.000000), (0.032626, -0.935105, 0.000000), (0.000000, 0.000000, 0.000000), 0.023000
36, 1, (0.776471, 0.792157, 0.454902, 1.000000), 0, (0.315527, 1.215914, 0.000000), (-0.154959, 0.846741, 0.000000), (0.000000, 0.000000, 0.000000), 0.023000
37, 1, (0.776471, 0.792157, 0.454902, 1.000000), 0, (2.015674, 0.419811, 0.000000), (0.829546, 0.425722, 0.000000), (0.000000, 0.000000, 0.000000), 0.023000
38, 1, (0.164706, 0.294118, 0.486275, 1.000000), 0, (-0.611561, 0.473024, 0.000000), (-0.461080, 0.460831, 0.000000), (0.000000, 0.000000, 0.000000), 0.023000
39, 1, (0.164706, 0.294118, 0.486275, 1.000000), 0, (0.593657, -0.956850, 0.000000), (0.248977, -0.306702, 0.000000), (0.000000, 0.000000, 0.000000), 0.023000
40, 1, (0.164706, 0.294118, 0.486275, 1.000000), 0, (0.620031, -1.644341, 0.000000), (0.344562, -0.682160, 0.000000), (0.000000, 0.000000, 0.000000), 0.023000
41, 1, (0.192157, 0.152941, 0.376471, 1.000000), 0, (-0.483595, 1.009936, 0.000000), (-0.150039, 0.743387, 0.000000), (0.000000, 0.000000, 0.000000), 0.023000
42, 1, (0.192157, 0.152941, 0.376471, 1.000000), 0, (0.882861, -1.028790, 0.000000), (0.626716, -0.354042, 0.000000), (0.000000, 0.000000, 0.000000), 0.023000
43, 1, (0.192157, 0.152941, 0.376471, 1.000000), 0, (-1.505548, 1.049244, 0.000000), (-0.571537, 0.769926, 0.000000), (0.000000, 0.000000, 0.000000), 0.023000
44, 1, (0.894118, 0.858824, 0.333333, 1.000000), 0, (-1.206551, 0.294683, 0.000000), (-0.329196, 0.357296, 0.000000), (0.000000, 0.000000, 0.000000), 0.023000
45, 1, (0.894118, 0.858824, 0.333333, 1.000000), 0, (0.942282, -0.064869, 0.000000), (0.880753, 0.161596, 0.000000), (0.000000, 0.000000, 0.000000), 0.023000
46, 1, (0.894118, 0.858824, 0.333333, 1.000000), 0, (-0.365030, 0.944555, 0.000000), (0.283558, 0.700645, 0.000000), (0.000000, 0.000000, 0.000000), 0.023000
47, 1, (0.894118, 0.858824, 0.333333, 1.000000), 0, (-1.258420, 1.186719, 0.000000), (-0.151128, 0.831011, 0.000000), (0.000000, 0.000000, 0.000000), 0.023000
48, 1, (0.894118, 0.858824, 0.333333, 1.000000), 0, (-1.535992, 0.801717, 0.000000), (-0.233223, 0.612992, 0.000000), (0.000000, 0.000000, 0.000000), 0.023000
49, 1, (0.894118, 0.858824, 0.333333, 1.000000), 0, (-0.545226, 1.176522, 0.000000), (0.337276, 0.805070, 0.000000), (0.000000, 0.000000, 0.000000), 0.023000
50, 1, (0.894118, 0.858824, 0.333333, 1.000000), 0, (-1.145868, -0.491449, 0.000000), (-0.065419, -0.582624, 0.000000), (0.000000, 0.000000, 0.000000), 0.023000
51, 1, (0.894118, 0.858824, 0.333333, 1.000000), 0, (0.581393, 2.044460, 0.000000), (0.868376, 0.823327, 0.000000), (0.000000, 0.000000, 0.000000), 0.023000
52, 1, (0.894118, 0.858824, 0.333333, 1.000000), 0, (-2.398789, 1.831600, 0.000000), (-0.733822, 0.745361, 0.000000), (0.000000, 0.000000, 0.000000), 0.023000
53, 1, (0.894118, 0.858824, 0.333333, 1.000000), 0, (-0.574533, 0.088049, 0.000000), (0.251166, -0.151197, 0.000000), (0.000000, 0.000000, 0.000000), 0.023000
54, 1, (0.894118, 0.858824, 0.333333, 1.000000), 0, (-0.656072, -0.549555, 0.000000), (0.208281, -0.452432, 0.000000), (0.000000, 0.000000, 0.000000), 0.023000
55, 1, (0.894118, 0.858824, 0.333333, 1.000000), 0, (-0.044540, -0.551641, 0.000000), (0.540484, -0.399718, 0.000000), (0.000000, 0.000000, 0.000000), 0.023000
56, 1, (0.894118, 0.858824, 0.333333, 1.000000), 0, (-1.057101, -0.481334, 0.000000), (-0.136209, -0.562116, 0.000000), (0.000000, 0.000000, 0.000000), 0.023000
57, 1, (0.894118, 0.858824, 0.333333, 1.000000), 0, (-2.010134, -0.369439, 0.000000), (-0.654241, -0.462054, 0.000000), (0.000000, 0.000000, 0.000000), 0.023000
58, 1, (0.894118, 0.858824, 0.333333, 1.000000), 0, (-0.660676, 0.082742, 0.000000), (0.082211, -0.182046, 0.000000), (0.000000, 0.000000, 0.000000), 0.023000
59, 1, (0.894118, 0.858824, 0.333333, 1.000000), 0, (-2.089693, 1.847050, 0.000000), (-0.690038, 0.796734, 0.000000), (0.000000, 0.000000, 0.000000), 0.023000
60, 1, (0.894118, 0.858824, 0.333333, 1.000000), 0, (-2.341643, -1.146291, 0.000000), (-0.822633, -0.761792, 0.000000), (0.000000, 0.000000, 0.000000), 0.023000
61, 1, (0.894118, 0.858824, 0.333333, 1.000000), 0, (-0.890634, 1.128391, 0.000000), (-0.039564, 0.504630, 0.000000), (0.000000, 0.000000, 0.000000), 0.023000
62, 1, (0.894118, 0.858824, 0.333333, 1.000000), 0, (0.748540, 1.997626, 0.000000), (0.937258, 0.853024, 0.000000), (0.000000, 0.000000, 0.000000), 0.023000
63, 1, (0.894118, 0.858824, 0.333333, 1.000000), 0, (-0.256918, -0.064800, 0.000000), (0.337729, -0.248547, 0.000000), (0.000000, 0.000000, 0.000000), 0.023000
64, 1, (0.894118, 0.858824, 0.333333, 1.000000), 0, (-0.068767, -0.118651, 0.000000), (0.468160, -0.277528, 0.000000), (0.000000, 0.000000, 0.000000), 0.023000
65, 1, (0.894118, 0.858824, 0.333333, 1.000000), 0, (-1.441092, -0.572539, 0.000000), (-0.441374, -0.549862, 0.000000), (0.000000, 0.000000, 0.000000), 0.023000
66, 1, (0.894118, 0.858824, 0.333333, 1.000000), 0, (-0.375610, -0.621434, 0.000000), (0.138190, -0.525559, 0.000000), (0.000000, 0.000000, 0.000000), 0.023000
67, 1, (0.894118, 0.858824, 0.333333, 1.000000), 0, (-1.981816, 1.075346, 0.000000), (-0.724417, 0.448087, 0.000000), (0.000000, 0.000000, 0.000000), 0.023000
68, 1, (0.894118, 0.858824, 0.333333, 1.000000), 0, (-2.064823, 1.242767, 0.000000), (-0.778137, 0.570509, 0.000000), (0.000000, 0.000000, 0.000000), 0.023000
69, 1, (0.894118, 0.858824, 0.333333, 1.000000), 0, (-1.899140, 1.059264, 0.000000), (-0.700993, 0.473877, 0.000000), (0.000000, 0.000000, 0.000000), 0.023000
70, 1, (0.894118, 0.858824, 0.333333, 1.000000), 0, (-2.205191, 1.837626, 0.000000), (-0.879806, 0.883168, 0.000000), (0.000000, 0.000000, 0.000000), 0.023000
71, 1, (0.894118, 0.858824, 0.333333, 1.000000), 0, (-2.318537, 0.604377, 0.000000), (-0.923751, 0.027695, 0.000000), (0.000000, 0.000000, 0.000000), 0.023000
72, 1, (0.894118, 0.858824, 0.333333, 1.000000), 0, (-1.885978, -0.441582, 0.000000), (-0.676831, -0.534260, 0.000000), (0.000000, 0.000000, 0.000000), 0.023000
73, 1, (0.894118, 0.858824, 0.333333, 1.000000), 0, (0.426663, 1.409223, 0.000000), (0.564021, 0.449099, 0.000000), (0.000000, 0.000000, 0.000000), 0.023000
74, 1, (0.894118, 0.858824, 0.333333, 1.000000), 0, (-0.078444, 2.287797, 0.000000), (0.282077, 0.917715, 0.000000), (0.000000, 0.000000, 0.000000), 0.023000
75, 1, (0.894118, 0.858824, 0.333333, 1.000000), 0, (0.123192, 1.533643, 0.000000), (0.247936, 0.503149, 0.000000), (0.000000, 0.000000, 0.000000), 0.023000
76, 1, (0.894118, 0.858824, 0.333333, 1.000000), 0, (-1.901616, -0.917577, 0.000000), (-0.842015, -0.744193, 0.000000), (0.000000, 0.000000, 0.000000), 0.023000
77, 1, (0.894118, 0.858824, 0.333333, 1.000000), 0, (-0.305984, -1.257731, 0.000000), (0.009877, -0.857312, 0.000000), (0.000000, 0.000000, 0.000000), 0.023000
78, 1, (0.894118, 0.858824, 0.333333, 1.000000), 0, (-1.987153, -0.904911, 0.000000), (-0.889052, -0.604964, 0.000000), (0.000000, 0.000000, 0.000000), 0.023000
79, 1, (0.894118, 0.858824, 0.333333, 1.000000), 0, (-0.525875, 1.263944, 0.000000), (-0.107483, 0.622813, 0.000000), (0.000000, 0.000000, 0.000000), 0.023000
80, 1, (0.894118, 0.858824, 0.333333, 1.000000), 0, (-0.090360, 0.914250, 0.000000), (0.115898, 0.494869, 0.000000), (0.000000, 0.000000, 0.000000), 0.023000
81, 1, (0.894118, 0.858824, 0.333333, 1.000000), 0, (-2.066863, -1.316657, 0.000000), (-0.924932, -0.698494, 0.000000), (0.000000, 0.000000, 0.000000), 0.023000
82, 1, (0.894118, 0.858824, 0.333333, 1.000000), 0, (1.473307, -1.146123, 0.000000), (0.967666, -0.605617, 0.000000), (0.000000, 0.000000, 0.000000), 0.023000
83, 1, (0.894118, 0.858824, 0.333333, 1.000000), 0, (1.072710, -1.462544, 0.000000), (0.748004, -0.763005, 0.000000), (0.000000, 0.000000, 0.000000), 0.023000
84, 1, (0.894118, 0.858824, 0.333333, 1.000000), 0, (1.478266, -1.705416, 0.000000), (0.963303, -0.905606, 0.000000), (0.000000, 0.000000, 0.000000), 0.023000
85, 1, (0.894118, 0.858824, 0.333333, 1.000000), 0, (0.972691, -1.617644, 0.000000), (0.709228, -0.869119, 0.000000), (0.000000, 0.000000, 0.000000), 0.023000
86, 1, (0.894118, 0.858824, 0.333333, 1.000000), 0, (-2.242192, 1.513375, 0.000000), (-1.020321, 0.829209, 0.000000), (0.000000, 0.000000, 0.000000), 0.023000
87, 1, (0.894118, 0.858824, 0.333333, 1.000000), 0, (-0.560996, -1.260947, 0.000000), (0.156969, -0.653419, 0.000000), (0.000000, 0.000000, 0.000000), 0.023000
88, 1, (0.894118, 0.858824, 0.333333, 1.000000), 0, (-1.977410, -0.483267, 0.000000), (-0.702934, -0.231571, 0.000000), (0.000000, 0.000000, 0.000000), 0.023000
89, 1, (0.894118, 0.858824, 0.333333, 1.000000), 0, (0.588914, 0.960011, 0.000000), (0.794035, 0.622848, 0.000000), (0.000000, 0.000000, 0.000000), 0.023000
90, 1, (0.894118, 0.858824, 0.333333, 1.000000), 0, (-1.457886, -0.052948, 0.000000), (-0.311753, 0.089424, 0.000000), (0.000000, 0.000000, 0.000000), 0.023000
91, 1, (0.894118, 0.858824, 0.333333, 1.000000), 0, (-0.620228, -0.437465, 0.000000), (0.128100, -0.110021, 0.000000), (0.000000, 0.000000, 0.000000), 0.023000
92, 1, (0.894118, 0.858824, 0.333333, 1.000000), 0, (-0.201196, -1.748368, 0.000000), (0.343614, -0.814607, 0.000000), (0.000000, 0.000000, 0.000000), 0.023000
93, 1, (0.894118, 0.858824, 0.333333, 1.000000), 0, (-0.750147, 0.674607, 0.000000), (0.031034, 0.498294, 0.000000), (0.000000, 0.000000, 0.000000), 0.023000
94, 1, (0.894118, 0.858824, 0.333333, 1.000000), 0, (-1.573390, 1.539865, 0.000000), (-0.421160, 0.967291, 0.000000), (0.000000, 0.000000, 0.000000), 0.023000
95, 1, (0.894118, 0.858824, 0.333333, 1.000000), 0, (-0.549082, 1.114800, 0.000000), (0.123189, 0.738464, 0.000000), (0.000000, 0.000000, 0.000000), 0.023000
96, 1, (0.894118, 0.858824, 0.333333, 1.000000), 0, (0.099418, 0.200473, 0.000000), (0.464237, 0.241988, 0.000000), (0.000000, 0.000000, 0.000000), 0.023000
97, 1, (0.894118, 0.858824, 0.333333, 1.000000), 0, (-2.536929, 0.663403, 0.000000), (-0.957913, 0.479340, 0.000000), (0.000000, 0.000000, 0.000000), 0.023000
98, 1, (0.894118, 0.858824, 0.333333, 1.000000), 0, (0.446116, 1.309940, 0.000000), (0.634791, 0.833824, 0.000000), (0.000000, 0.000000, 0.000000), 0.023000
99, 1, (0.894118, 0.858824, 0.333333, 1.000000), 0, (0.598296, 0.936062, 0.000000), (0.714691, 0.645478, 0.000000), (0.000000, 0.000000, 0.000000), 0.023000
100, 1, (0.894118, 0.858824, 0.333333, 1.000000), 0, (1.034947, 0.602586, 0.000000), (0.926629, 0.471357, 0.000000), (0.000000, 0.000000, 0.000000), 0.023000
101, 1, (0.894118, 0.858824, 0.333333, 1.000000), 0, (0.741640, 1.487845, 0.000000), (0.774770, 0.950041, 0.000000), (0.000000, 0.000000, 0.000000), 0.023000
102, 1, (0.894118, 0.858824, 0.333333, 1.000000), 0, (-0.103641, -0.317761, 0.000000), (0.302683, -0.020825, 0.000000), (0.000000, 0.000000, 0.000000), 0.023000
103, 1, (0.894118, 0.858824, 0.333333, 1.000000), 0, (-1.951904, 0.916255, 0.000000), (-0.701261, 0.643426, 0.000000), (0.000000, 0.000000, 0.000000), 0.023000
104, 1, (0.894118, 0.858824, 0.333333, 1.000000), 0, (0.764706, -1.866324, 0.000000), (0.745990, -0.859787, 0.000000), (0.000000, 0.000000, 0.000000), 0.023000
105, 1, (0.894118, 0.858824, 0.333333, 1.000000), 0, (-0.085204, -1.226006, 0.000000), (0.268392, -0.518352, 0.000000), (0.000000, 0.000000, 0.000000), 0.023000
106, 1, (0.894118, 0.858824, 0.333333, 1.000000), 0, (-0.160223, -1.296086, 0.000000), (0.228006, -0.556055, 0.000000), (0.000000, 0.000000, 0.000000), 0.023000
107, 1, (0.894118, 0.858824, 0.333333, 1.000000), 0, (0.112939, -0.958740, 0.000000), (0.370024, -0.380927, 0.000000), (0.000000, 0.000000, 0.000000), 0.023000
108, 1, (0.894118, 0.858824, 0.333333, 1.000000), 0, (-1.266057, -1.275582, 0.000000), (-0.372279, -0.551473, 0.000000), (0.000000, 0.000000, 0.000000), 0.023000
109, 1, (0.364706, 0.368627, 0.305882, 1.000000), 0, (-1.510293, 0.153908, 0.000000), (-0.880543, 0.250294, 0.000000), (0.000000, 0.000000, 0.000000), 0.022000
110, 1, (0.364706, 0.368627, 0.305882, 1.000000), 0, (-0.989479, 0.212896, 0.000000), (-0.582105, 0.286358, 0.000000), (0.000000, 0.000000, 0.000000), 0.022000
111, 1, (0.364706, 0.368627, 0.305882, 1.000000), 0, (0.039495, 1.414869, 0.000000), (-0.009135, 0.925836, 0.000000), (0.000000, 0.000000, 0.000000), 0.022000
112, 1, (0.364706, 0.368627, 0.305882, 1.000000), 0, (-0.825182, -0.138605, 0.000000), (-0.469556, 0.076688, 0.000000), (0.000000, 0.000000, 0.000000), 0.022000
113, 1, (0.364706, 0.368627, 0.305882, 1.000000), 0, (0.803711, -1.721785, 0.000000), (0.407266, -0.787381, 0.000000), (0.000000, 0.000000, 0.000000), 0.022000
114, 1, (0.364706, 0.368627, 0.305882, 1.000000), 0, (-0.083492, 0.073594, 0.000000), (-0.087398, 0.169381, 0.000000), (0.000000, 0.000000, 0.000000), 0.022000
115, 1, (0.364706, 0.368627, 0.305882, 1.000000), 0, (1.707365, -0.449620, 0.000000), (0.856508, -0.113338, 0.000000), (0.000000, 0.000000, 0.000000), 0.022000
116, 1, (0.364706, 0.368627, 0.305882, 1.000000), 0, (-0.519302, 0.999804, 0.000000), (-0.357159, 0.678716, 0.000000), (0.000000, 0.000000, 0.000000), 0.022000
117, 1, (0.364706, 0.368627, 0.305882, 1.000000), 0, (-0.155258, -2.163877, 0.000000), (-0.161194, -1.007037, 0.000000), (0.000000, 0.000000, 0.000000), 0.022000
118, 1, (0.364706, 0.368627, 0.305882, 1.000000), 0, (-0.474368, 0.091636, 0.000000), (-0.340003, 0.181250, 0.000000), (0.000000, 0.000000, 0.000000), 0.022000
119, 1, (0.364706, 0.368627, 0.305882, 1.000000), 0, (1.373866, -1.244488, 0.000000), (0.634800, -0.546601, 0.000000), (0.000000, 0.000000, 0.000000), 0.022000
120, 1, (0.364706, 0.368627, 0.305882, 1.000000), 0, (0.799969, -0.322821, 0.000000), (0.319844, -0.049386, 0.000000), (0.000000, 0.000000, 0.000000), 0.022000
121, 1, (0.364706, 0.368627, 0.305882, 1.000000), 0, (0.093407, -1.000929, 0.000000), (-0.066528, -0.404722, 0.000000), (0.000000, 0.000000, 0.000000), 0.022000
122, 1, (0.364706, 0.368627, 0.305882, 1.000000), 0, (0.952546, -1.472841, 0.000000), (0.392931, -0.649052, 0.000000), (0.000000, 0.000000, 0.000000), 0.022000
123, 1, (0.364706, 0.368627, 0.305882, 1.000000), 0, (0.615914, -2.012339, 0.000000), (0.212720, -0.931937, 0.000000), (0.000000, 0.000000, 0.000000), 0.022000
124, 1, (0.364706, 0.368627, 0.305882, 1.000000), 0, (-0.156732, 0.397231, 0.000000), (-0.202184, 0.375896, 0.000000), (0.000000, 0.000000, 0.000000), 0.022000
125, 1, (0.364706, 0.368627, 0.305882, 1.000000), 0, (0.797993, 0.168865, 0.000000), (0.316768, 0.259430, 0.000000), (0.000000, 0.000000, 0.000000), 0.022000
126, 1, (0.364706, 0.368627, 0.305882, 1.000000), 0, (-0.417769, -1.517170, 0.000000), (-0.335657, -0.644919, 0.000000), (0.000000, 0.000000, 0.000000), 0.022000
127, 1, (0.364706, 0.368627, 0.305882, 1.000000), 0, (0.527693, 0.121980, 0.000000), (0.187341, 0.238493, 0.000000), (0.000000, 0.000000, 0.000000), 0.022000
128, 1, (0.364706, 0.368627, 0.305882, 1.000000), 0, (0.969402, -0.986076, 0.000000), (0.430132, -0.357968, 0.000000), (0.000000, 0.000000, 0.000000), 0.022000
129, 1, (0.364706, 0.368627, 0.305882, 1.000000), 0, (0.949417, -1.355977, 0.000000), (0.449523, -0.609848, 0.000000), (0.000000, 0.000000, 0.000000), 0.022000
130, 1, (0.364706, 0.368627, 0.305882, 1.000000), 0, (1.618727, 0.455581, 0.000000), (0.809811, 0.353469, 0.000000), (0.000000, 0.000000, 0.000000), 0.022000
131, 1, (0.364706, 0.368627, 0.305882, 1.000000), 0, (0.625631, -1.121776, 0.000000), (0.275235, -0.499909, 0.000000), (0.000000, 0.000000, 0.000000), 0.022000
132, 1, (0.364706, 0.368627, 0.305882, 1.000000), 0, (0.178043, -1.732847, 0.000000), (0.034295, -0.838544, 0.000000), (0.000000, 0.000000, 0.000000), 0.022000
133, 1, (0.364706, 0.368627, 0.305882, 1.000000), 0, (-0.830482, 1.233946, 0.000000), (-0.508590, 0.738005, 0.000000), (0.000000, 0.000000, 0.000000), 0.022000
134, 1, (0.364706, 0.368627, 0.305882, 1.000000), 0, (0.747985, -1.670216, 0.000000), (0.341089, -0.826351, 0.000000), (0.000000, 0.000000, 0.000000), 0.022000
135, 1, (0.364706, 0.368627, 0.305882, 1.000000), 0, (-1.389478, -0.628842, 0.000000), (-0.806480, -0.291625, 0.000000), (0.000000, 0.000000, 0.000000), 0.022000
136, 1, (0.364706, 0.368627, 0.305882, 1.000000), 0, (0.336543, 0.266087, 0.000000), (0.122628, 0.170725, 0.000000), (0.000000, 0.000000, 0.000000), 0.022000
137, 1, (0.364706, 0.368627, 0.305882, 1.000000), 0, (0.675424, -0.844930, 0.000000), (0.302035, -0.437023, 0.000000), (0.000000, 0.000000, 0.000000), 0.022000
138, 1, (0.364706, 0.368627, 0.305882, 1.000000), 0, (1.112188, -0.814409, 0.000000), (0.520070, -0.437819, 0.000000), (0.000000, 0.000000, 0.000000), 0.022000
139, 1, (0.364706, 0.368627, 0.305882, 1.000000), 0, (-0.529246, -1.208184, 0.000000), (-0.370549, -0.634717, 0.000000), (0.000000, 0.000000, 0.000000), 0.022000
140, 1, (0.364706, 0.368627, 0.305882, 1.000000), 0, (1.921244, -1.956588, 0.000000), (0.936487, -1.006343, 0.000000), (0.000000, 0.000000, 0.000000), 0.022000
141, 1, (0.364706, 0.368627, 0.305882, 1.000000), 0, (1.337209, -0.788552, 0.000000), (0.623096, -0.351758, 0.000000), (0.000000, 0.000000, 0.000000), 0.022000
142, 1, (0.364706, 0.368627, 0.305882, 1.000000), 0, (-1.046321, -0.433098, 0.000000), (-0.652906, -0.142124, 0.000000), (0.000000, 0.000000, 0.000000), 0.022000
143, 1, (0.364706, 0.368627, 0.305882, 1.000000), 0, (1.807132, 1.316012, 0.000000), (0.885090, 0.820932, 0.000000), (0.000000, 0.000000, 0.000000), 0.022000
144, 1, (0.364706, 0.368627, 0.305882, 1.000000), 0, (1.097899, 0.618681, 0.000000), (0.498305, 0.382051, 0.000000), (0.000000, 0.000000, 0.000000), 0.022000
145, 1, (0.364706, 0.368627, 0.305882, 1.000000), 0, (-1.291301, 0.613402, 0.000000), (-0.786800, 0.355527, 0.000000), (0.000000, 0.000000, 0.000000), 0.022000
146, 1, (0.364706, 0.368627, 0.305882, 1.000000), 0, (-0.317073, 0.941560, 0.000000), (-0.262363, 0.532171, 0.000000), (0.000000, 0.000000, 0.000000), 0.022000
147, 1, (0.196078, 0.392157, 0.588235, 1.000000), 0, (2.021863, 1.476199, 0.000000), (0.853974, 0.815672, 0.000000), (0.000000, 0.000000, 0.000000), 0.022000
148, 1, (0.196078, 0.392157, 0.588235, 1.000000), 0, (1.687401, -1.213020, 0.000000), (0.692038, -0.607178, 0.000000), (0.000000, 0.000000, 0.000000), 0.022000
149, 1, (0.196078, 0.392157, 0.588235, 1.000000), 0, (1.454757, 0.098572, 0.000000), (0.555738, 0.080552, 0.000000), (0.000000, 0.000000, 0.000000), 0.022000
150, 1, (0.196078, 0.392157, 0.588235, 1.000000), 0, (-0.400974, 1.404104, 0.000000), (-0.435146, 0.792991, 0.000000), (0.000000, 0.000000, 0.000000), 0.022000
151, 1, (0.196078, 0.392157, 0.588235, 1.000000), 0, (1.870004, 1.271307, 0.000000), (0.787323, 0.731195, 0.000000), (0.000000, 0.000000, 0.000000), 0.022000
152, 1, (0.196078, 0.392157, 0.588235, 1.000000), 0, (0.330848, 0.139003, 0.000000), (-0.034175, 0.136770, 0.000000), (0.000000, 0.000000, 0.000000), 0.022000
153, 1, (0.196078, 0.392157, 0.588235, 1.000000), 0, (-0.920401, -0.994064, 0.000000), (-0.703684, -0.466701, 0.000000), (0.000000, 0.000000, 0.000000), 0.022000
154, 1, (0.196078, 0.392157, 0.588235, 1.000000), 0, (1.671148, -0.225781, 0.000000), (0.697361, -0.030526, 0.000000), (0.000000, 0.000000, 0.000000), 0.022000
155, 1, (0.196078, 0.392157, 0.588235, 1.000000), 0, (0.182440, 1.086473, 0.000000), (-0.103007, 0.681232, 0.000000), (0.000000, 0.000000, 0.000000), 0.022000
156, 1, (0.196078, 0.392157, 0.588235, 1.000000), 0, (0.302281, -0.958484, 0.000000), (-0.038497, -0.432472, 0.000000), (0.000000, 0.000000, 0.000000), 0.022000
157, 1, (0.196078, 0.392157, 0.588235, 1.000000), 0, (-0.791466, 0.617435, 0.000000), (-0.668465, 0.352313, 0.000000), (0.000000, 0.000000, 0.000000), 0.022000
158, 1, (0.196078, 0.392157, 0.588235, 1.000000), 0, (1.248827, -1.428150, 0.000000), (0.423802, -0.735881, 0.000000), (0.000000, 0.000000, 0.000000), 0.022000
159, 1, (0.196078, 0.392157, 0.588235, 1.000000), 0, (0.802244, -0.151696, 0.000000), (0.175361, -0.030480, 0.000000), (0.000000, 0.000000, 0.000000), 0.022000
160, 1, (0.196078, 0.392157, 0.588235, 1.000000), 0, (1.685035, 0.660060, 0.000000), (0.644526, 0.432322, 0.000000), (0.000000, 0.000000, 0.000000), 0.022000
161, 1, (0.196078, 0.392157, 0.588235, 1.000000), 0, (-0.756699, -1.212707, 0.000000), (-0.672837, -0.570398, 0.000000), (0.000000, 0.000000, 0.000000), 0.022000
162, 1, (0.196078, 0.392157, 0.588235, 1.000000), 0, (0.436798, -1.608170, 0.000000), (-0.033411, -0.771425, 0.000000), (0.000000, 0.000000, 0.000000), 0.022000
163, 1, (0.196078, 0.392157, 0.588235, 1.000000), 0, (-0.906828, -0.679142, 0.000000), (-0.752665, -0.293942, 0.000000), (0.000000, 0.000000, 0.000000), 0.022000
164, 1, (0.196078, 0.392157, 0.588235, 1.000000), 0, (-0.302635, 1.432138, 0.000000), (-0.380192, 0.846862, 0.000000), (0.000000, 0.000000, 0.000000), 0.022000
165, 1, (0.196078, 0.392157, 0.588235, 1.000000), 0, (1.860105, 0.287201, 0.000000), (0.785007, 0.228382, 0.000000), (0.000000, 0.000000, 0.000000), 0.022000
166, 1, (0.196078, 0.392157, 0.588235, 1.000000), 0, (1.626055, 1.018192, 0.000000), (0.641914, 0.619713, 0.000000), (0.000000, 0.000000, 0.000000), 0.022000
167, 1, (0.196078, 0.392157, 0.588235, 1.000000), 0, (0.388508, -0.771613, 0.000000), (-0.038303, -0.344801, 0.000000), (0.000000, 0.000000, 0.000000), 0.022000
168, 1, (0.196078, 0.392157, 0.588235, 1.000000), 0, (0.013033, 0.427449, 0.000000), (-0.241428, 0.301729, 0.000000), (0.000000, 0.000000, 0.000000), 0.022000
169, 1, (0.196078, 0.392157, 0.588235, 1.000000), 0, (0.939398, -0.975711, 0.000000), (0.186895, -0.496655, 0.000000), (0.000000, 0.000000, 0.000000), 0.022000
170, 1, (0.196078, 0.392157, 0.588235, 1.000000), 0, (-0.763455, -1.696842, 0.000000), (-0.726737, -0.868686, 0.000000), (0.000000, 0.000000, 0.000000), 0.022000
171, 1, (0.196078, 0.392157, 0.588235, 1.000000), 0, (-0.924334, 0.424327, 0.000000), (-0.813335, 0.278509, 0.000000), (0.000000, 0.000000, 0.000000), 0.022000
172, 1, (0.196078, 0.392157, 0.588235, 1.000000), 0, (0.029737, -0.954817, 0.000000), (-0.302775, -0.438039, 0.000000), (0.000000, 0.000000, 0.000000), 0.022000
173, 1, (0.196078, 0.392157, 0.588235, 1.000000), 0, (-0.091573, -1.701836, 0.000000), (-0.367062, -0.831534, 0.000000), (0.000000, 0.000000, 0.000000), 0.022000
174, 1, (0.196078, 0.392157, 0.588235, 1.000000), 0, (0.264229, 1.403736, 0.000000), (-0.175537, 0.852005, 0.000000), (0.000000, 0.000000, 0.000000), 0.022000
175, 1, (0.196078, 0.392157, 0.588235, 1.000000), 0, (0.843662, -1.085395, 0.000000), (0.136367, -0.483568, 0.000000), (0.000000, 0.000000, 0.000000), 0.022000
176, 1, (0.196078, 0.392157, 0.588235, 1.000000), 0, (1.124326, 0.753227, 0.000000), (0.286443, 0.507235, 0.000000), (0.000000, 0.000000, 0.000000), 0.022000
177, 1, (0.196078, 0.392157, 0.588235, 1.000000), 0, (0.488971, -1.456613, 0.000000), (-0.055567, -0.699544, 0.000000), (0.000000, 0.000000, 0.000000), 0.022000
178, 1, (0.196078, 0.392157, 0.588235, 1.000000), 0, (1.952360, 0.290440, 0.000000), (0.734166, 0.235508, 0.000000), (0.000000, 0.000000, 0.000000), 0.022000
179, 1, (0.196078, 0.392157, 0.588235, 1.000000), 0, (0.597553, -1.243076, 0.000000), (0.004896, -0.598587, 0.000000), (0.000000, 0.000000, 0.000000), 0.022000
180, 1, (0.196078, 0.392157, 0.588235, 1.000000), 0, (0.747197, -0.419284, 0.000000), (0.084438, -0.162677, 0.000000), (0.000000, 0.000000, 0.000000), 0.022000
181, 1, (0.196078, 0.392157, 0.588235, 1.000000), 0, (1.757335, -0.509264, 0.000000), (0.628192, -0.226189, 0.000000), (0.000000, 0.000000, 0.000000), 0.022000
182, 1, (0.196078, 0.392157, 0.588235, 1.000000), 0, (-0.414453, -0.716840, 0.000000), (-0.540875, -0.362690, 0.000000), (0.000000, 0.000000, 0.000000), 0.022000
183, 1, (0.196078, 0.392157, 0.588235, 1.000000), 0, (1.388054, 0.454603, 0.000000), (0.427393, 0.261430, 0.000000), (0.000000, 0.000000, 0.000000), 0.022000
184, 1, (0.196078, 0.392157, 0.588235, 1.000000), 0, (2.361676, -0.659470, 0.000000), (0.937438, -0.338258, 0.000000), (0.000000, 0.000000, 0.000000), 0.022000
185, 1, (0.196078, 0.392157, 0.588235, 1.000000), 0, (2.071552, -1.421226, 0.000000), (0.763158, -0.741848, 0.000000), (0.000000, 0.000000, 0.000000), 0.022000
186, 1, (0.196078, 0.392157, 0.588235, 1.000000), 0, (0.286884, -1.917795, 0.000000), (-0.208562, -1.002683, 0.000000), (0.000000, 0.000000, 0.000000), 0.022000
187, 1, (0.196078, 0.392157, 0.588235, 1.000000), 0, (1.664564, 0.899978, 0.000000), (0.535044, 0.532396, 0.000000), (0.000000, 0.000000, 0.000000), 0.022000
188, 1, (0.196078, 0.392157, 0.588235, 1.000000), 0, (-0.169816, -1.574636, 0.000000), (-0.442339, -0.784607, 0.000000), (0.000000, 0.000000, 0.000000), 0.022000
189, 1, (0.196078, 0.392157, 0.588235, 1.000000), 0, (1.941616, 0.674010, 0.000000), (0.699265, 0.425829, 0.000000), (0.000000, 0.000000, 0.000000), 0.022000
190, 1, (0.196078, 0.392157, 0.588235, 1.000000), 0, (-1.097170, -0.338341, 0.000000), (-0.930485, -0.116956, 0.000000), (0.000000, 0.000000, 0.000000), 0.022000
191, 1, (0.196078, 0.392157, 0.588235, 1.000000), 0, (2.337801, 0.607446, 0.000000), (0.940640, 0.399691, 0.000000), (0.000000, 0.000000, 0.000000), 0.022000
192, 1, (0.196078, 0.392157, 0.588235, 1.000000), 0, (-0.538495, -0.260409, 0.000000), (-0.607652, -0.067468, 0.000000), (0.000000, 0.000000, 0.000000), 0.022000
193, 1, (0.196078, 0.392157, 0.588235, 1.000000), 0, (1.882450, -1.669551, 0.000000), (0.698566, -0.825993, 0.000000), (0.000000, 0.000000, 0.000000), 0.022000
194, 1, (0.196078, 0.392157, 0.588235, 1.000000), 0, (-0.927051, -0.605885, 0.000000), (-0.829857, -0.249132, 0.000000), (0.000000, 0.000000, 0.000000), 0.022000
195, 1, (0.196078, 0.392157, 0.588235, 1.000000), 0, (-0.158497, 0.407097, 0.000000), (-0.426196, 0.298306, 0.000000), (0.000000, 0.000000, 0.000000), 0.022000
196, 1, (0.196078, 0.392157, 0.588235, 1.000000), 0, (1.745347, -1.557456, 0.000000), (0.586560, -0.750593, 0.000000), (0.000000, 0.000000, 0.000000), 0.022000
197, 1, (0.196078, 0.392157, 0.588235, 1.000000), 0, (-1.056729, -1.859774, 0.000000), (-0.925793, -0.906876, 0.000000), (0.000000, 0.000000, 0.000000), 0.022000
198, 1, (0.196078, 0.392157, 0.588235, 1.000000), 0, (0.460919, 0.826040, 0.000000), (-0.114879, 0.545361, 0.000000), (0.000000, 0.000000, 0.000000), 0.022000
199, 1, (0.196078, 0.392157, 0.588235, 1.000000), 0, (1.337516, -0.432617, 0.000000), (0.352965, -0.130025, 0.000000), (0.000000, 0.000000, 0.000000), 0.022000
200, 1, (0.196078, 0.392157, 0.588235, 1.000000), 0, (-0.744391, 0.236830, 0.000000), (-0.790808, 0.163589, 0.000000), (0.000000, 0.000000, 0.000000), 0.022000
201, 1, (0.196078, 0.392157, 0.588235, 1.000000), 0, (0.959754, 0.019290, 0.000000), (0.126510, 0.044335, 0.000000), (0.000000, 0.000000, 0.000000), 0.022000
202, 1, (0.196078, 0.392157, 0.588235, 1.000000), 0, (1.044885, -0.603669, 0.000000), (0.159276, -0.290994, 0.000000), (0.000000, 0.000000, 0.000000), 0.022000
203, 1, (0.196078, 0.392157, 0.588235, 1.000000), 0, (-0.001693, 1.349986, 0.000000), (-0.421179, 0.760628, 0.000000), (0.000000, 0.000000, 0.000000), 0.022000
204, 1, (0.196078, 0.392157, 0.588235, 1.000000), 0, (0.654097, -1.318064, 0.000000), (-0.077210, -0.674468, 0.000000), (0.000000, 0.000000, 0.000000), 0.022000
205, 1, (0.196078, 0.392157, 0.588235, 1.000000), 0, (1.166538, 0.001894, 0.000000), (0.188588, 0.036048, 0.000000), (0.000000, 0.000000, 0.000000), 0.022000
206, 1, (0.196078, 0.392157, 0.588235, 1.000000), 0, (1.232371, 0.255153, 0.000000), (0.206939, 0.176680, 0.000000), (0.000000, 0.000000, 0.000000), 0.022000
207, 1, (0.196078, 0.392157, 0.588235, 1.000000), 0, (-0.192679, 1.121499, 0.000000), (-0.562161, 0.643019, 0.000000), (0.000000, 0.000000, 0.000000), 0.022000
208, 1, (0.196078, 0.392157, 0.588235, 1.000000), 0, (-0.786204, -1.589346, 0.000000), (-0.888685, -0.816212, 0.000000), (0.000000, 0.000000, 0.000000), 0.022000
209, 1, (0.196078, 0.392157, 0.588235, 1.000000), 0, (2.379569, -1.326699, 0.000000), (0.815438, -0.674809, 0.000000), (0.000000, 0.000000, 0.000000), 0.022000
210, 1, (0.196078, 0.392157, 0.588235, 1.000000), 0, (0.680656, -1.119620, 0.000000), (-0.066933, -0.563348, 0.000000), (0.000000, 0.000000, 0.000000), 0.022000
211, 1, (0.196078, 0.392157, 0.588235, 1.000000), 0, (1.960235, -0.877318, 0.000000), (0.621853, -0.432921, 0.000000), (0.000000, 0.000000, 0.000000), 0.022000
212, 1, (0.196078, 0.392157, 0.588235, 1.000000), 0, (0.216920, 1.273264, 0.000000), (-0.315558, 0.739792, 0.000000), (0.000000, 0.000000, 0.000000), 0.022000
213, 1, (0.196078, 0.392157, 0.588235, 1.000000), 0, (0.168930, 1.028243, 0.000000), (-0.341387, 0.613275, 0.000000), (0.000000, 0.000000, 0.000000), 0.022000
214, 1, (0.196078, 0.392157, 0.588235, 1.000000), 0, (1.336742, -1.877127, 0.000000), (0.287242, -0.940956, 0.000000), (0.000000, 0.000000, 0.000000), 0.022000
215, 1, (0.196078, 0.392157, 0.588235, 1.000000), 0, (-0.154789, 0.850347, 0.000000), (-0.514646, 0.540139, 0.000000), (0.000000, 0.000000, 0.000000), 0.022000
216, 1, (0.196078, 0.392157, 0.588235, 1.000000), 0, (1.208075, 1.048868, 0.000000), (0.220989, 0.655610, 0.000000), (0.000000, 0.000000, 0.000000), 0.022000
217, 1, (0.196078, 0.392157, 0.588235, 1.000000), 0, (0.029476, -1.244256, 0.000000), (-0.413437, -0.572311, 0.000000), (0.000000, 0.000000, 0.000000), 0.022000
218, 1, (0.196078, 0.392157, 0.588235, 1.000000), 0, (-0.377122, 0.181406, 0.000000), (-0.633322, 0.209117, 0.000000), (0.000000, 0.000000, 0.000000), 0.022000
219, 1, (0.196078, 0.392157, 0.588235, 1.000000), 0, (-0.704539, 0.411951, 0.000000), (-0.809566, 0.333222, 0.000000), (0.000000, 0.000000, 0.000000), 0.022000
