Number of bodies: 135
ID, IsSolid, Color (R, G, B, A), Movement, Position (X, Y, Z), Velocity (X, Y, Z), Force (X, Y, Z), Radius
0, 1, (0.399542, 0.956987, 0.262788, 0.000000), 0, (1.626554, 1.889169, 0.890422), (-0.730213, 0.656721, -0.061810), (-5.019983, -9.937702, 4.138701), 0.042983
1, 1, (0.055492, 0.125075, 0.095806, 0.000000), 0, (1.405636, 1.722641, 0.807868), (0.126306, 1.403598, 0.979907), (7.464091, -1.582393, 6.006003), 0.084338
2, 1, (0.482513, 0.009966, 0.149157, 0.000000), 0, (0.890086, 2.152298, 1.373524), (0.691359, -0.596848, 0.237689), (1.388992, -1.298647, -1.122700), 0.063593
3, 1, (0.316201, 0.933141, 0.471879, 0.000000), 0, (1.573283, 1.803059, 0.991791), (-2.462123, 0.080389, 1.278282), (-3.141659, -4.100218, -6.784319), 0.002549
4, 1, (0.669472, 0.553364, 0.979237, 0.000000), 0, (7.359380, 1.369755, -4.699442), (0.045791, 0.228310, -0.349732), (-0.039236, 0.003754, 0.036063), 0.075911
5, 1, (0.630714, 0.345008, 0.136740, 0.000000), 0, (1.683066, 1.850423, 0.915821), (-0.050750, -0.657203, 0.566968), (-10.079803, -6.320552, 1.279520), 0.089350
6, 1, (0.334411, 0.830326, 0.833125, 0.000000), 0, (2.449240, 0.718735, 2.773737), (0.112172, -0.031507, -0.868863), (-0.203383, 0.188703, -0.343042), 0.043022
7, 1, (0.325861, 0.156215, 0.633244, 0.000000), 0, (1.405293, 1.734772, 0.615369), (0.715700, 1.135638, -0.206126), (2.254992, -1.407847, 8.194529), 0.047502
8, 1, (0.004878, 0.108350, 0.985748, 0.000000), 0, (0.482048, 0.867608, 0.658812), (0.852743, 0.800417, 1.116050), (0.873179, 0.614961, 0.209721), 0.047676
9, 1, (0.664318, 0.803316, 0.148449, 0.000000), 0, (1.644658, 1.771400, 0.957474), (0.956778, 2.201252, -0.139239), (-9.408538, -0.834255, -3.253800), 0.064355
10, 1, (0.823308, 0.193143, 0.438923, 0.000000), 0, (1.522456, 1.654271, 1.346016), (0.300641, -0.194658, 1.014232), (-0.472622, 0.309968, -5.734808), 0.096005
11, 1, (0.668099, 0.421055, 0.044082, 0.000000), 0, (-3.890247, -1.155055, -5.443819), (-0.071737, 0.028905, -0.142645), (0.027201, 0.013262, 0.034288), 0.050122
12, 1, (0.652150, 0.666148, 0.810352, 0.000000), 0, (1.363865, 1.599807, 0.900790), (-2.178761, 0.470569, 0.893627), (5.968870, 4.159335, 0.237463), 0.065703
13, 1, (0.711657, 0.539634, 0.441657, 0.000000), 0, (1.449089, 1.307800, 0.944907), (0.762869, -0.855353, -0.186780), (0.828148, 6.770470, -0.056949), 0.027409
14, 1, (0.286228, 0.893111, 0.974927, 0.000000), 0, (-0.108247, 2.116131, 2.680247), (-0.570879, 0.088993, 0.497255), (0.311083, -0.148380, -0.394036), 0.033031
15, 1, (0.003332, 0.922093, 0.276582, 0.000000), 0, (1.894938, 1.696035, 0.636379), (0.367288, 0.366068, -0.401355), (-3.968631, 0.149271, 3.031435), 0.065548
16, 1, (0.588241, 0.086935, 0.312510, 1.000000), 0, (1.352474, 1.698217, 1.106653), (-0.020920, -0.104595, 0.032651), (5.721971, -0.415894, -6.972111), 0.100000
17, 1, (0.271080, 0.274220, 0.244396, 1.000000), 0, (2.645671, 2.588477, 0.422501), (0.751948, 0.636089, 0.889277), (-0.710272, -0.493739, 0.250986), 0.100000
18, 1, (0.256822, 0.447402, 0.951017, 1.000000), 0, (1.551816, 1.395327, 1.003021), (-0.270069, 0.809573, -0.436539), (-1.365005, 6.797907, -1.572310), 0.100000
19, 1, (0.277922, 0.806102, 0.069141, 1.000000), 0, (1.212031, 1.643205, 0.761575), (-0.804176, 1.633650, -0.367512), (7.204734, 0.252836, 3.082611), 0.100000
20, 1, (0.079049, 0.184505, 0.982314, 1.000000), 0, (1.986598, 2.209617, -0.782616), (0.371099, 0.366354, -0.167966), (-0.133788, -0.176507, 0.651220), 0.100000
21, 1, (0.737864, 0.694839, 0.345831, 1.000000), 0, (3.219975, 7.838229, 4.184756), (0.093544, -0.544720, -0.029988), (-0.017268, -0.058291, -0.032462), 0.100000
22, 1, (0.496668, 0.328658, 0.503085, 1.000000), 0, (1.417767, 1.743824, 0.923438), (0.102670, -1.115177, 0.324183), (7.533534, -1.657660, -1.910499), 0.100000
23, 1, (0.427117, 0.568217, 0.764341, 1.000000), 0, (1.653272, -0.046729, 1.009392), (-0.610197, -0.981369, 0.808590), (-0.078486, 0.759727, -0.009157), 0.100000
24, 1, (0.554163, 0.570189, 0.090317, 1.000000), 0, (1.141154, 1.262501, 1.732754), (-0.037260, -0.264882, 0.699632), (0.558517, 0.695948, -1.453295), 0.100000
25, 1, (0.086781, 0.902088, 0.411234, 1.000000), 0, (0.772543, 2.405484, 1.847038), (-0.249046, -0.082092, 0.459479), (0.478347, -0.606020, -0.700254), 0.100000
26, 1, (0.327991, 0.722333, 0.212670, 1.000000), 0, (1.410856, 1.604604, 0.735713), (0.376689, -1.213367, 0.265477), (2.996604, 5.471377, 8.274714), 0.100000
27, 1, (0.902688, 0.269375, 0.598905, 1.000000), 0, (1.909271, 2.137480, 0.630968), (-1.011052, -0.260690, -0.079406), (-1.966825, -2.034826, 1.287377), 0.100000
28, 1, (0.722711, 0.437555, 0.478516, 1.000000), 0, (1.642102, 1.624147, 0.687357), (-0.331220, 0.457266, 0.922229), (-4.040648, 2.943727, 7.054837), 0.100000
29, 1, (0.771268, 0.369852, 0.340972, 1.000000), 0, (1.345215, 1.574971, 0.921071), (-0.061233, -0.062017, 0.823200), (6.838522, 4.420171, -0.929083), 0.100000
30, 1, (0.088313, 0.079936, 0.066099, 1.000000), 0, (1.441903, 1.791632, 1.013420), (0.533453, 1.301653, 0.420786), (6.314580, -4.460830, -7.189610), 0.100000
31, 1, (0.017379, 0.477022, 0.772901, 1.000000), 0, (1.626924, 1.648819, 0.828889), (1.289287, -0.957021, -1.577607), (-6.527440, 5.219316, 5.742770), 0.100000
32, 1, (0.500296, 0.053532, 0.814982, 1.000000), 0, (1.322722, 1.803533, 0.930628), (-1.748401, -0.856983, 0.058790), (9.635004, -4.956826, -1.270281), 0.100000
33, 1, (0.009501, 0.182016, 0.262976, 1.000000), 0, (1.011743, 1.088524, 0.216086), (0.950286, -0.821051, 0.433067), (0.806394, 0.864388, 1.039059), 0.100000
34, 1, (0.258800, 0.440336, 0.448517, 1.000000), 0, (1.543369, 1.823109, 0.976289), (-1.873242, 0.570026, 0.303941), (0.458772, -6.974055, -4.820645), 0.100000
35, 1, (0.763784, 0.390234, 0.521609, 1.000000), 0, (1.541253, 2.507356, 0.481181), (-0.022957, -0.017815, -0.594755), (0.159216, -1.802574, 0.867138), 0.100000
36, 1, (0.880452, 0.907160, 0.147663, 1.000000), 0, (1.721639, 1.544239, 1.056622), (-0.731701, -0.298294, -0.097636), (-6.101297, 3.601540, -3.775099), 0.100000
37, 1, (0.198960, 0.637505, 0.352040, 1.000000), 0, (1.531914, 1.703959, 0.975166), (0.023214, -1.882534, 0.404669), (0.134933, 2.821547, -5.321763), 0.100000
38, 1, (0.839363, 0.746207, 0.993362, 1.000000), 0, (1.362511, 1.555979, 1.177749), (0.482044, 0.824056, -1.065466), (3.287344, 3.081691, -6.247374), 0.100000
39, 1, (0.181005, 0.493023, 0.102766, 1.000000), 0, (1.360119, 1.454119, 0.909477), (0.080361, -0.896850, -0.175794), (3.519195, 7.927291, 0.797433), 0.100000
40, 1, (0.071194, 0.856579, 0.794921, 1.000000), 0, (1.632823, 1.442444, 1.059248), (0.598674, 1.671941, 0.381633), (-3.460161, 5.582304, -3.524023), 0.100000
41, 1, (0.263444, 0.566913, 0.591862, 1.000000), 0, (1.549975, 1.830191, 0.917143), (-1.294012, 1.010409, -0.290426), (-0.438543, -7.571245, 2.297225), 0.100000
42, 1, (0.709614, 0.419226, 0.366576, 1.000000), 0, (-2.651908, -1.575269, 6.509008), (0.271505, 0.087100, -0.132407), (0.031500, 0.024319, -0.042623), 0.100000
43, 1, (0.873000, 0.272531, 0.849488, 1.000000), 0, (-7.974731, -11.155950, -28.942158), (-0.017164, 0.061125, -0.048783), (0.001147, 0.001413, 0.002980), 0.100000
44, 1, (0.528791, 0.555875, 0.576734, 1.000000), 0, (1.653855, 1.713041, 0.906495), (-0.098628, -1.951703, -0.091526), (-9.708246, 2.201125, 1.735311), 0.100000
45, 1, (0.036245, 0.256591, 0.526108, 1.000000), 0, (-11.031202, 19.830854, 19.701906), (0.074738, -0.006406, -0.105278), (0.001904, -0.002722, -0.002852), 0.100000
46, 1, (0.515869, 0.112838, 0.779482, 1.000000), 0, (-55.703926, 60.034225, -85.999878), (-0.265970, 0.343582, -0.453609), (0.000134, -0.000141, 0.000201), 0.100000
47, 1, (0.836803, 0.233559, 0.418974, 1.000000), 0, (2.250515, 5.357699, -1.145606), (-0.038157, 0.393043, -0.387197), (-0.019515, -0.154326, 0.086834), 0.100000
48, 1, (0.306660, 0.168213, 0.124672, 1.000000), 0, (1.119962, 0.478686, -0.196847), (0.503254, 0.281652, -0.288802), (0.159916, 0.558396, 0.545820), 0.100000
49, 1, (0.239859, 0.563365, 0.055418, 1.000000), 0, (2.078113, 1.544298, 0.869867), (1.441669, -0.925303, 0.333468), (-3.730223, 0.737208, -0.010067), 0.100000
50, 1, (0.486122, 0.231168, 0.497405, 1.000000), 0, (-0.812092, -6.886766, -23.856085), (-0.007235, 0.053496, 0.094555), (0.000249, 0.001662, 0.004791), 0.100000
51, 1, (0.224799, 0.578204, 0.459637, 1.000000), 0, (-106.879913, -1.348631, -116.683807), (-0.521284, -0.003252, -0.663895), (0.000109, 0.000005, 0.000115), 0.100000
52, 1, (0.004030, 0.522739, 0.217140, 1.000000), 0, (-0.885571, 1.241750, 2.383608), (0.882828, 0.040256, -0.160904), (0.334487, 0.084749, -0.149041), 0.100000
53, 1, (0.275145, 0.032776, 0.680565, 1.000000), 0, (1.438654, 1.882498, 0.868908), (-0.670582, -0.544341, -1.056733), (4.633947, -10.256955, 2.960149), 0.100000
54, 1, (0.899360, 0.428783, 0.278505, 1.000000), 0, (-44.869381, -59.005093, -21.837805), (-0.193419, -0.266326, -0.136053), (0.000355, 0.000466, 0.000163), 0.100000
55, 1, (0.195591, 0.731498, 0.704596, 1.000000), 0, (3.084977, 2.099775, -3.394147), (-0.471451, 0.322956, 0.073396), (-0.039659, -0.001927, 0.140299), 0.100000
56, 1, (0.039795, 0.968528, 0.345135, 1.000000), 0, (76.901680, -114.726212, 129.644928), (0.421468, -0.685393, 0.803242), (-0.000044, 0.000068, -0.000075), 0.100000
57, 1, (0.483012, 0.976839, 0.553809, 1.000000), 0, (1.576466, 1.651431, 0.969441), (-0.615848, -1.222871, -0.936833), (-3.953243, 6.487530, -4.593380), 0.100000
58, 1, (0.212505, 0.674988, 0.312702, 1.000000), 0, (1.626077, 1.850840, 1.021753), (-0.457134, -0.202253, 0.032477), (-6.183183, -6.935140, -8.555214), 0.100000
59, 1, (0.608209, 0.974164, 0.930410, 1.000000), 0, (-44.954140, 56.569221, 83.676819), (-0.279485, 0.248386, 0.489916), (0.000136, -0.000160, -0.000244), 0.100000
60, 1, (0.360141, 0.124532, 0.907284, 1.000000), 0, (1.323105, 1.748605, 0.274174), (0.785650, 0.761426, -1.101938), (0.972955, -0.271186, 3.010437), 0.100000
61, 1, (0.831668, 0.857323, 0.619540, 1.000000), 0, (1.581839, 0.980350, 0.631640), (1.206206, -0.167326, -0.590774), (-0.305550, 2.268402, 0.963951), 0.100000
62, 1, (0.207874, 0.839767, 0.569189, 1.000000), 0, (1.493197, 1.717179, 0.859594), (-0.970771, 0.339757, -0.469942), (-0.065436, 0.916673, 3.476792), 0.100000
63, 1, (0.041610, 0.752423, 0.644020, 1.000000), 0, (1.463663, 1.718901, 0.772833), (-1.117676, -0.879040, 0.673078), (0.768899, -1.375979, 9.937798), 0.100000
64, 1, (0.855939, 0.253703, 0.692989, 1.000000), 0, (1.330286, 1.510245, 0.966993), (0.431471, -1.019365, -0.183195), (6.058982, 5.924757, -3.163871), 0.100000
65, 1, (0.962134, 0.500558, 0.746463, 1.000000), 0, (1.336235, 2.171015, 0.958684), (0.718623, -0.025550, -1.061046), (1.879846, -4.310552, -0.310223), 0.100000
66, 1, (0.520431, 0.396964, 0.421315, 1.000000), 0, (1.442737, 1.247307, -0.020602), (-0.228664, 0.736297, -1.095678), (0.019912, 0.675374, 1.484283), 0.100000
67, 1, (0.732321, 0.781642, 0.617836, 1.000000), 0, (-9.054292, 8.904742, -11.362976), (-0.219648, 0.125181, -0.182203), (0.006853, -0.004737, 0.007674), 0.100000
68, 1, (0.270543, 0.584935, 0.910178, 1.000000), 0, (1.917313, 2.991222, 5.335175), (0.311771, 0.208937, -0.364928), (-0.015589, -0.041518, -0.138418), 0.100000
69, 1, (0.633388, 0.795186, 0.809374, 1.000000), 0, (4.492162, 2.876190, -2.887780), (-0.358198, -0.453964, 0.170741), (-0.086726, -0.030855, 0.098409), 0.100000
70, 1, (0.948309, 0.543668, 0.450349, 1.000000), 0, (1.612173, 1.679204, 0.952588), (-0.176336, -0.978187, -1.169196), (-7.017008, 4.900235, -3.042600), 0.100000
71, 1, (0.258764, 0.933517, 0.412608, 1.000000), 0, (7.498014, -3.297944, 4.118452), (-0.654354, 0.055248, -0.037796), (-0.033426, 0.029038, -0.018281), 0.100000
72, 1, (0.458147, 0.805810, 0.768017, 1.000000), 0, (37.645107, -17.952084, 8.874372), (0.065006, 0.034904, 0.062079), (-0.002136, 0.001062, -0.000585), 0.100000
73, 1, (0.233738, 0.377863, 0.896278, 1.000000), 0, (1.474721, 1.587509, 1.084264), (0.766715, -0.008561, 0.157982), (0.755958, 4.441111, -7.227354), 0.100000
74, 1, (0.699587, 0.925815, 0.630711, 1.000000), 0, (1.652202, 2.246333, 1.078012), (-1.316666, -0.411846, 0.277803), (-0.683492, -3.735002, -1.112394), 0.100000
75, 1, (0.458752, 0.200502, 0.755914, 1.000000), 0, (-11.747481, 16.497261, -44.520298), (-0.070352, 0.015339, -0.086720), (0.000456, -0.000487, 0.001446), 0.100000
76, 1, (0.924745, 0.154038, 0.102517, 1.000000), 0, (1.452040, 1.797451, 0.859167), (0.583517, 1.647421, -0.273893), (4.500712, -6.735077, 4.053461), 0.100000
77, 1, (0.323729, 0.292264, 0.981815, 1.000000), 0, (1.426334, 1.644877, 0.791122), (0.035062, -0.877745, 0.185921), (3.528253, 4.816982, 6.411918), 0.100000
78, 1, (0.403089, 0.601984, 0.466999, 1.000000), 0, (1.746152, 1.943559, 0.139927), (0.733796, 0.142845, -0.375257), (-0.550008, -0.187691, 2.019788), 0.100000
79, 1, (0.134892, 0.445486, 0.685241, 1.000000), 0, (0.944222, 2.823318, -5.318912), (-0.136843, -0.518579, 0.169021), (0.011944, -0.014346, 0.079140), 0.100000
80, 1, (0.977849, 0.413199, 0.137936, 1.000000), 0, (4.080675, 1.221889, 1.513244), (-0.217664, -0.146761, 0.140878), (-0.340151, 0.079621, -0.081553), 0.100000
81, 1, (0.902763, 0.247044, 0.187248, 1.000000), 0, (1.761858, 2.188882, 0.135393), (1.228531, 0.256566, 0.291713), (-0.363636, -1.187393, 1.589135), 0.100000
82, 1, (0.181285, 0.908125, 0.313628, 1.000000), 0, (36.492741, 23.736120, -28.608612), (0.080512, 0.084830, -0.069305), (-0.001050, -0.000662, 0.000842), 0.100000
83, 1, (0.252236, 0.402960, 0.283859, 1.000000), 0, (1.050275, -0.365719, 3.200311), (-0.241355, -0.182975, 0.133748), (0.040159, 0.190675, -0.215171), 0.100000
84, 1, (0.478661, 0.837219, 0.475245, 1.000000), 0, (1.611030, 1.872331, 0.950560), (-0.052244, -0.144801, -1.248890), (-4.576132, -10.207324, -1.956891), 0.100000
85, 1, (0.101336, 0.580671, 0.842891, 1.000000), 0, (28.953133, -16.442593, 5.510078), (0.194544, -0.088974, 0.020013), (-0.002427, 0.001797, -0.000451), 0.100000
86, 1, (0.272483, 0.217197, 0.412233, 1.000000), 0, (1.518422, 1.577518, 0.913166), (-0.484434, -0.284544, 0.456252), (-1.395086, 8.568529, 0.386189), 0.100000
87, 1, (0.481096, 0.403762, 0.904755, 1.000000), 0, (1.086061, 0.902535, 1.148155), (0.465638, 0.062148, 0.204966), (0.882833, 1.627299, -0.471081), 0.100000
88, 1, (0.476598, 0.819098, 0.307587, 1.000000), 0, (1.204394, 1.530516, 0.710746), (-0.611660, 0.249645, 1.704814), (5.062137, 3.309947, 3.791173), 0.100000
89, 1, (0.790215, 0.016994, 0.847132, 1.000000), 0, (1.681939, 1.766432, 0.827391), (-1.362286, 0.351157, 1.573071), (-8.631112, -1.732162, 6.589332), 0.100000
90, 1, (0.695152, 0.282231, 0.030626, 1.000000), 0, (-3.899694, -0.832069, -2.131900), (0.217290, -0.011091, -0.092823), (0.062912, 0.021202, 0.032358), 0.100000
91, 1, (0.703232, 0.793987, 0.562256, 1.000000), 0, (1.833989, 2.533404, 1.222012), (-0.282729, 0.713517, 0.147607), (-0.709840, -1.799858, -0.780995), 0.100000
92, 1, (0.956863, 0.701961, 0.019608, 1.000000), 0, (1.022591, 1.939338, 1.185836), (0.153472, -0.763401, -0.514771), (2.245788, -1.494709, -1.355938), 0.100000
93, 1, (0.956863, 0.701961, 0.019608, 1.000000), 0, (7.786315, 21.300737, -27.813066), (0.057623, 0.001405, -0.015413), (-0.000543, -0.001706, 0.002372), 0.100000
94, 1, (0.956863, 0.701961, 0.019608, 1.000000), 0, (1.859437, -0.691772, -1.061440), (0.059865, 0.038678, -0.490572), (-0.037382, 0.217230, 0.181319), 0.100000
95, 1, (0.956863, 0.701961, 0.019608, 1.000000), 0, (0.471906, 7.086880, 7.280591), (0.233317, 0.094446, 0.163018), (0.007606, -0.030734, -0.038229), 0.100000
96, 1, (0.956863, 0.701961, 0.019608, 1.000000), 0, (1.495030, 1.782982, 1.039319), (-0.474491, -0.068279, -0.788940), (2.457690, -3.285084, -10.219762), 0.100000
97, 1, (0.956863, 0.701961, 0.019608, 1.000000), 0, (1.836946, 0.543923, 1.117885), (-0.507116, -0.434812, -0.735111), (-0.429502, 1.136258, -0.225590), 0.100000
98, 1, (0.956863, 0.701961, 0.019608, 1.000000), 0, (29.477167, -9.685184, -11.705911), (0.201402, -0.096478, -0.105512), (-0.002936, 0.001171, 0.001389), 0.100000
99, 1, (0.956863, 0.701961, 0.019608, 1.000000), 0, (2.335156, 3.725795, 1.561470), (-0.104773, -0.602669, -0.354908), (-0.143743, -0.403271, -0.168971), 0.100000
100, 1, (0.956863, 0.701961, 0.019608, 1.000000), 0, (0.444521, 1.227469, 1.649327), (0.925909, 0.855814, -0.118762), (0.798426, 0.391388, -0.477316), 0.100000
101, 1, (0.894118, 0.858824, 0.333333, 1.000000), 0, (1.289946, 2.261844, 3.051055), (-0.281813, 0.279986, 0.517761), (0.005093, -0.137169, -0.457776), 0.100000
102, 1, (0.083059, 0.173765, 0.304510, 1.000000), 0, (1.986765, 1.344329, 0.797981), (0.270190, -0.697737, 0.339444), (-2.630235, 2.391948, 0.756635), 0.100000
103, 1, (0.364706, 0.368627, 0.305882, 1.000000), 0, (4.913287, 5.510548, 3.061625), (0.108417, 0.044372, -0.103272), (-0.066947, -0.067203, -0.040868), 0.100000
104, 1, (0.192157, 0.164706, 0.160784, 1.000000), 0, (1.473796, 1.722661, 0.800603), (0.216570, -0.015439, 0.745832), (0.402697, -1.144331, 7.980144), 0.100000
105, 1, (0.196078, 0.392157, 0.588235, 1.000000), 0, (0.068657, 2.704685, 2.266608), (-0.631581, -0.067397, -1.023203), (0.317353, -0.334442, -0.250876), 0.100000
106, 1, (0.196078, 0.392157, 0.588235, 1.000000), 0, (1.616799, 1.170634, 1.453194), (-0.412161, 1.193042, 0.152086), (-0.527785, 1.722234, -1.892078), 0.100000
107, 1, (0.054902, 0.211765, 0.341176, 1.000000), 0, (1.092657, 6.377422, 1.838548), (-0.378425, -0.010290, -0.082054), (0.040491, -0.073204, -0.002864), 0.100000
108, 1, (0.196078, 0.392157, 0.588235, 1.000000), 0, (-1.282835, -1.266487, 1.497500), (-0.127224, -0.413299, -0.359481), (0.126710, 0.123254, -0.032538), 0.100000
109, 1, (0.192157, 0.164706, 0.160784, 1.000000), 0, (2.132412, 2.457808, 0.250055), (0.639233, -0.947958, -1.155638), (-0.747006, -0.915198, 0.755403), 0.100000
110, 1, (0.364706, 0.368627, 0.305882, 1.000000), 0, (2.880264, 1.837132, 2.140355), (0.077219, 1.074351, -0.190942), (-0.451375, -0.047402, -0.417551), 0.100000
111, 1, (0.083059, 0.173765, 0.304510, 1.000000), 0, (1.332998, 6.970535, 2.076345), (-0.211947, 0.083176, 0.231592), (-0.012218, -0.156735, -0.042195), 0.100000
112, 1, (0.254902, 0.290196, 0.298039, 1.000000), 0, (2.709841, 1.315365, 0.713534), (-1.473543, -0.379144, -0.605101), (-1.110179, 0.371362, 0.151392), 0.100000
113, 1, (0.894118, 0.858824, 0.333333, 1.000000), 0, (1.792876, 2.063078, 1.139470), (0.296735, -1.066428, 2.432025), (-2.949836, -3.028799, -2.494694), 0.100000
114, 1, (0.192157, 0.152941, 0.376471, 1.000000), 0, (0.590771, 1.829162, 0.454103), (1.373753, 0.327705, 0.547881), (1.453280, -0.273981, 0.743593), 0.100000
115, 1, (0.192157, 0.152941, 0.376471, 1.000000), 0, (1.694504, -0.142444, 1.972482), (-0.180718, -1.399354, 0.274391), (-0.066246, 0.453104, -0.272685), 0.100000
116, 1, (0.083059, 0.173765, 0.304510, 1.000000), 0, (6.709486, 0.095670, 2.365251), (0.149128, -0.450970, -0.061139), (-0.091038, 0.028520, -0.025167), 0.100000
117, 1, (0.956863, 0.701961, 0.019608, 1.000000), 0, (2.968794, 1.067379, -0.892491), (-0.539315, -0.638502, -0.556487), (-0.493306, 0.237553, 0.622761), 0.100000
118, 1, (0.083059, 0.173765, 0.304510, 1.000000), 0, (2.087092, 1.176569, 3.763291), (0.300037, 0.780536, -0.320523), (-0.069037, 0.047554, -0.304790), 0.100000
119, 1, (0.976471, 0.894118, 0.588235, 1.000000), 0, (-0.922707, 2.213898, 3.461549), (-0.576166, -0.147401, 0.356408), (0.185046, -0.049985, -0.192865), 0.100000
120, 1, (0.192157, 0.152941, 0.376471, 1.000000), 0, (2.113848, 3.421200, -1.947022), (-0.184671, -0.075512, -0.653037), (-0.019964, -0.120402, 0.209950), 0.100000
121, 1, (0.192157, 0.164706, 0.160784, 1.000000), 0, (3.306501, 2.945125, 0.677348), (0.763628, 0.322486, -0.141070), (-0.408005, -0.309349, 0.065273), 0.100000
122, 1, (0.058824, 0.231373, 0.321569, 1.000000), 0, (2.467412, 3.900039, 0.398659), (-0.260028, 0.142934, -0.955341), (-0.164275, -0.364431, 0.042469), 0.100000
123, 1, (0.192157, 0.152941, 0.376471, 1.000000), 0, (2.125686, 4.171777, -0.103025), (0.733773, 0.120051, 0.665271), (-0.016776, -0.333746, 0.165600), 0.100000
124, 1, (0.192157, 0.164706, 0.160784, 1.000000), 0, (0.753201, -2.408400, 2.858010), (0.243166, 0.111086, 0.347776), (0.018376, 0.136372, -0.062572), 0.100000
125, 1, (0.058824, 0.231373, 0.321569, 1.000000), 0, (2.831153, 1.134864, -0.706276), (0.301717, 0.853017, 0.573063), (-0.070225, 0.042255, 0.056054), 0.100000
126, 1, (0.192157, 0.152941, 0.376471, 1.000000), 0, (3.883333, 3.292601, -0.925675), (0.426754, 0.683018, 0.498794), (-0.182868, -0.111947, 0.133477), 0.100000
127, 1, (0.054902, 0.211765, 0.341176, 1.000000), 0, (3.616675, 2.616087, 1.095737), (0.906856, -0.455381, -0.330410), (-0.458758, -0.131576, -0.105565), 0.100000
128, 1, (0.164706, 0.294118, 0.486275, 1.000000), 0, (0.019580, 1.679271, 2.325932), (0.801790, 0.795746, 0.000045), (0.723344, -0.138470, -0.596916), 0.100000
129, 1, (0.364706, 0.368627, 0.305882, 1.000000), 0, (-1.840404, -1.893255, -0.287246), (-0.287983, -0.198634, -0.019698), (0.084889, 0.086093, 0.026734), 0.100000
130, 1, (0.058824, 0.231373, 0.321569, 1.000000), 0, (0.170560, 1.589472, 2.209438), (0.610627, 0.759936, 0.587925), (0.094572, 0.269258, -0.158313), 0.100000
131, 1, (0.894118, 0.858824, 0.333333, 1.000000), 0, (-1.681930, -2.132511, -1.979339), (-0.509632, -0.519083, -0.584701), (0.048046, 0.065011, 0.058661), 0.100000
132, 1, (0.192157, 0.282353, 0.286275, 1.000000), 0, (0.855248, 1.846570, 1.205153), (1.506375, 1.191769, 0.427819), (2.808682, -0.163619, -0.947271), 0.100000
133, 1, (0.164706, 0.294118, 0.486275, 1.000000), 0, (0.042442, -1.081397, 0.433122), (0.143482, -0.170191, 0.287920), (0.121558, 0.247601, 0.048592), 0.100000
134, 1, (0.894118, 0.858824, 0.333333, 1.000000), 0, (0.412172, 0.038336, 0.407667), (0.454111, 0.490964, 0.373744), (0.316128, 0.454849, 0.148684), 0.100000
